125000	125000	6.590083
175000	175000	2.622658
175000	200000	2.0135093
200000	200000	1.3893466
175000	225000	1.5598288
200000	225000	2.0019162
225000	225000	1.5793347
175000	250000	1.9575261
200000	250000	2.056899
225000	250000	2.07149
250000	250000	1.3383286
175000	275000	1.4431124
200000	275000	2.475129
225000	275000	2.0242841
250000	275000	2.002398
275000	275000	1.3737831
175000	300000	1.5285246
200000	300000	3.0631537
225000	300000	2.644828
250000	300000	2.843458
275000	300000	2.5011768
300000	300000	1.4457768
175000	325000	2.6198082
200000	325000	3.6500895
225000	325000	2.556151
250000	325000	2.7953193
275000	325000	2.5623906
300000	325000	2.1419775
325000	325000	1.5625095
175000	350000	2.5319653
200000	350000	3.5213397
225000	350000	3.0857284
250000	350000	2.609678
275000	350000	3.0633557
300000	350000	2.010621
325000	350000	1.5391463
350000	350000	1.3418152
175000	375000	2.2228477
200000	375000	3.105034
225000	375000	2.4945488
250000	375000	2.4436371
275000	375000	2.224512
300000	375000	1.990957
325000	375000	1.7812098
350000	375000	1.8934925
375000	375000	1.4147336
175000	400000	1.8604691
200000	400000	2.9599562
225000	400000	2.3551483
250000	400000	2.8575423
275000	400000	2.2357583
300000	400000	2.4620118
325000	400000	1.9842936
350000	400000	2.4271936
375000	400000	2.0078385
400000	400000	1.4292533
175000	425000	2.5093646
200000	425000	2.7714055
225000	425000	2.9637744
250000	425000	2.5169837
275000	425000	2.2097812
300000	425000	2.3913116
325000	425000	1.654463
350000	425000	2.2643867
375000	425000	2.2709951
400000	425000	2.2535825
425000	425000	1.3760716
175000	450000	2.4588816
200000	450000	3.514635
225000	450000	2.9181266
250000	450000	2.343195
275000	450000	3.531197
300000	450000	2.5491219
325000	450000	2.1234844
350000	450000	1.9384066
375000	450000	2.0367124
400000	450000	1.5580088
425000	450000	1.6860696
450000	450000	1.4406497
175000	475000	3.5218792
200000	475000	4.2050304
225000	475000	2.4167557
250000	475000	3.265777
275000	475000	2.6179624
300000	475000	1.8024316
325000	475000	2.2971952
350000	475000	2.8973792
375000	475000	2.5437067
400000	475000	2.1518276
425000	475000	1.9190719
450000	475000	2.2698967
475000	475000	1.3532931
175000	500000	3.2758052
200000	500000	4.7123995
225000	500000	4.1857266
250000	500000	2.85963
275000	500000	2.3311808
300000	500000	2.375232
325000	500000	2.4811873
350000	500000	3.1489472
375000	500000	2.5615017
400000	500000	2.351094
425000	500000	2.1166012
450000	500000	2.250805
475000	500000	1.6828722
500000	500000	1.2786072
175000	525000	2.533068
200000	525000	3.8844817
225000	525000	2.5435333
250000	525000	3.4097369
275000	525000	2.2836502
300000	525000	1.8208264
325000	525000	2.3232617
350000	525000	1.71245
375000	525000	1.6095029
400000	525000	1.7973921
425000	525000	1.7152951
450000	525000	1.2767731
475000	525000	0.77394015
500000	525000	1.6660469
525000	525000	1.3386105
175000	550000	2.747035
200000	550000	2.7473433
225000	550000	1.9544452
250000	550000	2.6852255
275000	550000	2.0318909
300000	550000	1.8652346
325000	550000	1.5644894
350000	550000	1.4181659
375000	550000	2.039244
400000	550000	1.8200772
425000	550000	1.8651118
450000	550000	1.4367563
475000	550000	1.248867
500000	550000	1.5969917
525000	550000	1.9581981
550000	550000	1.1941797
175000	575000	1.4732428
200000	575000	2.0134695
225000	575000	1.4926143
250000	575000	1.4028015
275000	575000	2.0606136
300000	575000	1.5753638
325000	575000	0.9160715
350000	575000	1.3120059
375000	575000	0.9817975
400000	575000	1.2514287
425000	575000	1.2940289
450000	575000	1.3975713
475000	575000	1.1411532
500000	575000	0.9585992
525000	575000	1.719782
550000	575000	1.3066921
575000	575000	1.2962687
175000	600000	1.562369
200000	600000	1.8695642
225000	600000	1.4715261
250000	600000	1.755907
275000	600000	1.258083
300000	600000	1.2230896
325000	600000	1.6104535
350000	600000	1.0265552
375000	600000	1.6046852
400000	600000	0.71925205
425000	600000	1.0778606
450000	600000	1.2841595
475000	600000	1.0882405
500000	600000	1.478503
525000	600000	1.796282
550000	600000	1.8939435
575000	600000	1.9843354
600000	600000	1.3640537
175000	625000	1.4803647
200000	625000	1.9090827
225000	625000	1.0929966
250000	625000	1.3193774
275000	625000	0.9304021
300000	625000	1.3212148
325000	625000	1.3613653
350000	625000	0.8577137
375000	625000	1.02529
400000	625000	1.296588
425000	625000	0.8635738
450000	625000	1.7040857
475000	625000	1.5104471
500000	625000	1.3243785
525000	625000	1.5111039
550000	625000	2.0052204
575000	625000	2.4205143
600000	625000	1.9467243
625000	625000	1.3429109
175000	650000	1.4428542
200000	650000	1.8082014
225000	650000	1.6334157
250000	650000	0.95126325
275000	650000	1.3287431
300000	650000	0.68570215
325000	650000	1.4274821
350000	650000	1.2668412
375000	650000	0.6652388
400000	650000	1.4845935
425000	650000	0.6885019
450000	650000	0.91207564
475000	650000	1.2030631
500000	650000	1.3062953
525000	650000	1.9445537
550000	650000	1.7203766
575000	650000	2.319675
600000	650000	2.1508195
625000	650000	1.8207098
650000	650000	1.3891929
175000	675000	0.89275736
200000	675000	1.3777567
225000	675000	1.4110343
250000	675000	1.6531322
275000	675000	0.82521635
300000	675000	1.5906583
325000	675000	0.8615127
350000	675000	0.5971662
375000	675000	0.7324226
400000	675000	0.87121004
425000	675000	1.5618299
450000	675000	0.94999623
475000	675000	1.3092779
500000	675000	1.3372692
525000	675000	1.2952895
550000	675000	2.1928403
575000	675000	1.8111821
600000	675000	2.3621757
625000	675000	2.5800285
650000	675000	1.9306862
675000	675000	1.1733629
175000	700000	0.20641951
200000	700000	2.2361841
225000	700000	1.358963
250000	700000	1.2741632
275000	700000	1.0556145
300000	700000	1.1568571
325000	700000	0.8915584
350000	700000	1.0948375
375000	700000	1.2013681
400000	700000	0.9414049
425000	700000	0.959979
450000	700000	1.1285819
475000	700000	0.81620157
500000	700000	1.8473701
525000	700000	1.8318951
550000	700000	2.064068
575000	700000	1.6225522
600000	700000	2.2635047
625000	700000	1.4609613
650000	700000	1.904007
675000	700000	1.8381537
700000	700000	1.3241041
175000	725000	1.4653635
200000	725000	1.7374474
225000	725000	0.8338387
250000	725000	1.4071963
275000	725000	0.8808056
300000	725000	0.7120196
325000	725000	0.91514254
350000	725000	1.3287923
375000	725000	1.8545703
400000	725000	0.7960287
425000	725000	0.91502166
450000	725000	1.0052567
475000	725000	1.3542447
500000	725000	1.004941
525000	725000	1.8362435
550000	725000	2.6086402
575000	725000	2.5616248
600000	725000	2.291802
625000	725000	2.1234562
650000	725000	2.0198107
675000	725000	2.2342057
700000	725000	2.0259497
725000	725000	1.1991882
175000	750000	1.6965209
200000	750000	1.3153311
225000	750000	1.6927041
250000	750000	1.9832275
275000	750000	0.99304885
300000	750000	0.8431974
325000	750000	0.7007717
350000	750000	0.83542657
375000	750000	1.2637885
400000	750000	0.7247992
425000	750000	1.2835064
450000	750000	1.3005013
475000	750000	1.4744492
500000	750000	2.0963485
525000	750000	1.6430216
550000	750000	1.928995
575000	750000	2.1911907
600000	750000	2.5334117
625000	750000	2.086959
650000	750000	2.0671542
675000	750000	2.3219025
700000	750000	2.3586483
725000	750000	1.9034668
750000	750000	1.2067747
175000	775000	1.4696777
200000	775000	1.234157
225000	775000	0.973875
250000	775000	1.2429786
275000	775000	1.296289
300000	775000	1.4629974
325000	775000	0.6081606
350000	775000	1.2762158
375000	775000	1.3404514
400000	775000	0.8709516
425000	775000	1.4238136
450000	775000	1.4487468
475000	775000	1.0437461
500000	775000	1.6800377
525000	775000	2.475629
550000	775000	2.5951803
575000	775000	2.2488868
600000	775000	2.3159633
625000	775000	2.3170114
650000	775000	1.903556
675000	775000	2.020324
700000	775000	1.5335512
725000	775000	1.8608258
750000	775000	1.8934946
775000	775000	1.1409478
175000	800000	1.5677785
200000	800000	1.5153768
225000	800000	2.0921934
250000	800000	1.2865118
275000	800000	1.3818521
300000	800000	1.546764
325000	800000	1.9941541
350000	800000	1.1213088
375000	800000	0.97559
400000	800000	1.1763207
425000	800000	1.2067127
450000	800000	0.9464965
475000	800000	0.8131704
500000	800000	1.4531602
525000	800000	2.0264428
550000	800000	2.0826607
575000	800000	1.8868791
600000	800000	1.8529733
625000	800000	2.1163137
650000	800000	1.4175977
675000	800000	1.9744028
700000	800000	2.013552
725000	800000	1.8518574
750000	800000	1.6678351
775000	800000	1.611685
800000	800000	1.1751314
175000	825000	1.1467239
200000	825000	1.4266365
225000	825000	0.767528
250000	825000	1.441329
275000	825000	0.76140773
300000	825000	0.79579633
325000	825000	0.51443
350000	825000	1.3841347
375000	825000	1.5058715
400000	825000	0.6087811
425000	825000	1.5382392
450000	825000	0.58847964
475000	825000	0.92886937
500000	825000	1.4396071
525000	825000	1.99328
550000	825000	1.9108284
575000	825000	2.0556107
600000	825000	2.0269191
625000	825000	1.4757994
650000	825000	1.6390615
675000	825000	1.6774739
700000	825000	1.608306
725000	825000	1.5405809
750000	825000	2.2070556
775000	825000	1.382917
800000	825000	1.9599053
825000	825000	1.1743155
175000	850000	0.9424918
200000	850000	0.65374833
225000	850000	1.2610916
250000	850000	0.3312674
275000	850000	0.59986895
300000	850000	0.54662484
325000	850000	0.17766036
350000	850000	0.15978687
375000	850000	1.5250274
400000	850000	0.5606807
425000	850000	0.9351552
450000	850000	0.54550654
475000	850000	1.4096807
500000	850000	0.9506697
525000	850000	1.7673556
550000	850000	0.9997146
575000	850000	1.1064117
600000	850000	1.2787982
625000	850000	1.3545371
650000	850000	1.0309732
675000	850000	1.9417845
700000	850000	0.9947897
725000	850000	1.578287
750000	850000	0.96036667
775000	850000	1.4737133
800000	850000	1.5098113
825000	850000	1.3215743
850000	850000	1.4264803
175000	875000	0.80813867
200000	875000	1.3963246
225000	875000	1.2614797
250000	875000	0.4243355
275000	875000	0.902879
300000	875000	0.7833999
325000	875000	0.6088863
350000	875000	0.6883409
375000	875000	0.71870124
400000	875000	0.48291662
425000	875000	0.9208516
450000	875000	1.0637327
475000	875000	0.30562493
500000	875000	0.91650105
525000	875000	1.3749417
550000	875000	1.4772259
575000	875000	0.9719952
600000	875000	1.6139483
625000	875000	1.5323666
650000	875000	1.5737944
675000	875000	1.2934471
700000	875000	1.0533586
725000	875000	1.190043
750000	875000	1.4046867
775000	875000	1.2220678
800000	875000	1.4963679
825000	875000	1.6585369
850000	875000	1.976886
875000	875000	1.2158029
175000	900000	0.2740087
200000	900000	1.5698748
225000	900000	1.101151
250000	900000	1.3010533
275000	900000	0.6564756
300000	900000	0.6425194
325000	900000	0.78013414
350000	900000	0.56241494
375000	900000	1.1071585
400000	900000	0.62168735
425000	900000	0.59088624
450000	900000	1.2138965
475000	900000	0.9471914
500000	900000	0.7579292
525000	900000	0.92013496
550000	900000	1.3222711
575000	900000	0.9338372
600000	900000	1.0287617
625000	900000	0.76698166
650000	900000	0.8304473
675000	900000	1.5313287
700000	900000	1.1258907
725000	900000	1.0013686
750000	900000	1.0009063
775000	900000	1.3206288
800000	900000	1.7437843
825000	900000	1.8382668
850000	900000	1.7881243
875000	900000	1.4664849
900000	900000	1.1759362
175000	925000	1.648368
200000	925000	1.372716
225000	925000	0.8868706
250000	925000	0.52204263
275000	925000	1.110273
300000	925000	0.5798068
325000	925000	0.5672206
350000	925000	0.34069723
375000	925000	1.1880625
400000	925000	0.45280594
425000	925000	0.5754431
450000	925000	0.29462156
475000	925000	0.51105255
500000	925000	1.6196197
525000	925000	0.81766087
550000	925000	0.59553474
575000	925000	0.7626781
600000	925000	1.2656181
625000	925000	1.0356599
650000	925000	1.0272784
675000	925000	1.3832557
700000	925000	1.2780396
725000	925000	0.66268337
750000	925000	0.85329
775000	925000	1.2761022
800000	925000	1.331996
825000	925000	1.765288
850000	925000	1.571545
875000	925000	2.0512094
900000	925000	1.559693
925000	925000	1.2628088
175000	950000	1.2580303
200000	950000	1.1516517
225000	950000	0.63731253
250000	950000	1.0052016
275000	950000	0.7607578
300000	950000	1.3024342
325000	950000	0.5438765
350000	950000	0.987038
375000	950000	0.7169249
400000	950000	0.43561888
425000	950000	0.13916942
450000	950000	0.57163084
475000	950000	0.3706741
500000	950000	0.7834405
525000	950000	0.9945856
550000	950000	1.0769348
575000	950000	0.7430123
600000	950000	0.8825689
625000	950000	1.4384187
650000	950000	0.8444291
675000	950000	0.8441414
700000	950000	1.2036177
725000	950000	1.4456093
750000	950000	1.181274
775000	950000	1.0159739
800000	950000	1.1198556
825000	950000	1.5796311
850000	950000	1.6702443
875000	950000	2.1169174
900000	950000	1.3395133
925000	950000	1.5694431
950000	950000	1.1460406
175000	975000	0.70732725
200000	975000	0.5540478
225000	975000	0.7190198
250000	975000	0.75552493
275000	975000	0.68946075
300000	975000	1.2601135
325000	975000	0.8214681
350000	975000	0.55681145
375000	975000	0.3258619
400000	975000	0.49489948
425000	975000	1.1027888
450000	975000	0.81336033
475000	975000	0.5641675
500000	975000	0.25471783
525000	975000	0.67931664
550000	975000	0.5691309
575000	975000	0.9577263
600000	975000	0.80937403
625000	975000	0.6804
650000	975000	0.77930874
675000	975000	0.5275724
700000	975000	0.85320485
725000	975000	0.5636519
750000	975000	0.694869
775000	975000	0.9628968
800000	975000	1.187899
825000	975000	1.8317157
850000	975000	1.4494255
875000	975000	1.6393733
900000	975000	2.000166
925000	975000	1.8934557
950000	975000	1.6883801
975000	975000	1.1913935
175000	1000000	0.67880654
200000	1000000	0.52887744
225000	1000000	0.68516034
250000	1000000	0.5426839
275000	1000000	1.3196992
300000	1000000	0.20196682
325000	1000000	0.59033847
350000	1000000	0.35695797
375000	1000000	0.6241894
400000	1000000	0.47738132
425000	1000000	0.30386668
450000	1000000	0.46895728
475000	1000000	0.817721
500000	1000000	0.37023386
525000	1000000	0.65620893
550000	1000000	0.91661775
575000	1000000	1.3446388
600000	1000000	1.1808151
625000	1000000	1.6079568
650000	1000000	1.4249157
675000	1000000	0.36902764
700000	1000000	0.91707015
725000	1000000	0.6937677
750000	1000000	1.4426727
775000	1000000	1.3462898
800000	1000000	1.194635
825000	1000000	1.4916246
850000	1000000	1.3871145
875000	1000000	1.5415522
900000	1000000	1.5110619
925000	1000000	1.8347614
950000	1000000	1.8781329
975000	1000000	1.4865923
1000000	1000000	1.147805
