120000	120000	7.6190267
180000	180000	0.47445133
180000	190000	9.736726
190000	190000	1.277783
180000	200000	2.5606189
190000	200000	1.5075085
200000	200000	1.2316114
180000	210000	2.8570006
190000	210000	1.3724005
200000	210000	2.1965253
210000	210000	1.2827567
180000	220000	1.1073227
190000	220000	1.7941704
200000	220000	2.2314415
210000	220000	1.9624083
220000	220000	1.70145
180000	230000	4.829825
190000	230000	1.0654722
200000	230000	2.194239
210000	230000	2.3325975
220000	230000	1.9314595
230000	230000	1.1496894
190000	240000	1.4377513
200000	240000	1.5520564
210000	240000	1.5855455
220000	240000	1.8750998
230000	240000	2.2140427
240000	240000	1.5909613
180000	250000	2.6539187
190000	250000	2.0284317
200000	250000	1.8326386
210000	250000	2.058805
220000	250000	2.4665248
230000	250000	1.959211
240000	250000	1.9875678
250000	250000	1.0728155
180000	260000	1.6263517
190000	260000	1.263318
200000	260000	1.7499865
210000	260000	2.3076432
220000	260000	1.1762239
230000	260000	2.1281743
240000	260000	2.5712965
250000	260000	2.1636684
260000	260000	1.3550594
190000	270000	2.4349978
200000	270000	2.7222679
210000	270000	2.0144985
220000	270000	2.0984588
230000	270000	2.4292498
240000	270000	1.0607164
250000	270000	2.7743692
260000	270000	1.7065061
270000	270000	1.2523273
180000	280000	1.7112553
190000	280000	1.2056874
200000	280000	2.8867917
210000	280000	2.1710858
220000	280000	1.600383
230000	280000	2.3339994
240000	280000	3.6174889
250000	280000	1.7840528
260000	280000	1.7433841
270000	280000	1.9593769
280000	280000	1.4195944
190000	290000	1.2688143
200000	290000	1.8796793
210000	290000	3.1640265
220000	290000	1.5525101
230000	290000	1.4645379
240000	290000	1.9988824
250000	290000	1.9287384
260000	290000	2.5666404
270000	290000	2.304707
280000	290000	1.9823111
290000	290000	1.1615856
180000	300000	1.9980601
190000	300000	1.0731177
200000	300000	2.7022467
210000	300000	3.9994156
220000	300000	2.0131083
230000	300000	3.2405047
240000	300000	2.8285108
250000	300000	2.3918347
260000	300000	2.0364668
270000	300000	2.7335618
280000	300000	2.0097597
290000	300000	2.2840877
300000	300000	1.2150664
190000	310000	1.2973621
200000	310000	3.125536
210000	310000	2.5273914
220000	310000	2.337546
230000	310000	2.8680763
240000	310000	3.6598191
250000	310000	3.3231146
260000	310000	2.8846295
270000	310000	3.9436157
280000	310000	2.6195817
290000	310000	1.9502944
300000	310000	1.7190865
310000	310000	1.5419923
180000	320000	3.152718
190000	320000	2.5605686
200000	320000	2.4758875
210000	320000	2.7933242
220000	320000	2.95746
230000	320000	1.9288281
240000	320000	2.63091
250000	320000	1.9075758
260000	320000	3.143302
270000	320000	3.1953764
280000	320000	1.8206278
290000	320000	2.5383627
300000	320000	2.1352115
310000	320000	1.9962211
320000	320000	1.5626445
180000	330000	5.186196
190000	330000	2.3323255
200000	330000	2.8323283
210000	330000	2.308542
220000	330000	3.7202005
230000	330000	2.9703593
240000	330000	2.5571532
250000	330000	3.2700932
260000	330000	2.5275385
270000	330000	2.4895341
280000	330000	2.747432
290000	330000	2.1776235
300000	330000	2.7745216
310000	330000	2.5469966
320000	330000	1.3752031
330000	330000	1.2776443
180000	340000	3.0872586
190000	340000	2.787302
200000	340000	4.9071264
210000	340000	5.2712703
220000	340000	2.2336435
230000	340000	2.6322286
240000	340000	1.5604934
250000	340000	2.525574
260000	340000	3.410117
270000	340000	2.9259593
280000	340000	2.5671244
290000	340000	3.4328191
300000	340000	1.7007314
310000	340000	2.6229818
320000	340000	2.191269
330000	340000	2.0759797
340000	340000	1.7279955
180000	350000	2.8308792
190000	350000	3.588019
200000	350000	5.3782916
210000	350000	3.9933677
220000	350000	3.4755397
230000	350000	2.7462635
240000	350000	3.671198
250000	350000	1.6664099
260000	350000	2.0027394
270000	350000	2.1648257
280000	350000	3.8606195
290000	350000	3.6014547
300000	350000	2.7199914
310000	350000	2.0695703
320000	350000	2.2366116
330000	350000	2.183581
340000	350000	1.0737469
350000	350000	1.3825872
180000	360000	3.1349921
190000	360000	1.1343839
200000	360000	3.140931
210000	360000	2.541615
220000	360000	2.3149598
230000	360000	2.7502637
240000	360000	3.697783
250000	360000	4.055141
260000	360000	2.562865
270000	360000	2.742516
280000	360000	2.2405262
290000	360000	3.0345786
300000	360000	1.9292183
310000	360000	2.1146119
320000	360000	1.8668678
330000	360000	2.0046782
340000	360000	1.0385705
350000	360000	0.8488068
360000	360000	1.4901025
190000	370000	2.1014757
200000	370000	3.6545649
210000	370000	2.3588302
220000	370000	2.8754776
230000	370000	2.5536628
240000	370000	2.2124057
250000	370000	3.4705496
260000	370000	3.0911872
270000	370000	1.8976429
280000	370000	2.21992
290000	370000	2.9179962
300000	370000	1.7403278
310000	370000	1.3540419
320000	370000	1.4857104
330000	370000	1.3269762
340000	370000	1.3975234
350000	370000	0.9319395
360000	370000	1.4361694
370000	370000	1.3397709
180000	380000	5.332353
190000	380000	2.1773016
200000	380000	2.427923
210000	380000	4.3744793
220000	380000	2.0052345
230000	380000	2.085482
240000	380000	3.961793
250000	380000	2.3891094
260000	380000	1.775615
270000	380000	3.1601644
280000	380000	1.0286032
290000	380000	2.4640677
300000	380000	2.4068098
310000	380000	3.5134697
320000	380000	1.0945864
330000	380000	1.9744742
340000	380000	1.4782892
350000	380000	1.8169391
360000	380000	2.4082587
370000	380000	2.189364
380000	380000	1.2342136
190000	390000	2.6238465
200000	390000	3.2362063
210000	390000	2.9743516
220000	390000	4.036599
230000	390000	1.8041573
240000	390000	1.313582
250000	390000	2.3159242
260000	390000	1.5596737
270000	390000	2.7574086
280000	390000	3.0599782
290000	390000	2.353349
300000	390000	2.3273425
310000	390000	1.1870152
320000	390000	1.973126
330000	390000	1.7990437
340000	390000	1.6120497
350000	390000	1.5147058
360000	390000	2.6431108
370000	390000	2.9481406
380000	390000	1.6541122
390000	390000	1.3418627
180000	400000	6.597066
190000	400000	2.4049168
200000	400000	5.3716693
210000	400000	2.0477557
220000	400000	2.1002083
230000	400000	2.2510786
240000	400000	0.9130514
250000	400000	3.029734
260000	400000	2.6030672
270000	400000	3.2109985
280000	400000	1.8771021
290000	400000	2.7623048
300000	400000	2.4875436
310000	400000	2.247965
320000	400000	3.0742664
330000	400000	1.5509841
340000	400000	0.91321456
350000	400000	1.5996801
360000	400000	2.0960364
370000	400000	2.9583285
380000	400000	1.8249022
390000	400000	1.5855299
400000	400000	1.4624667
190000	410000	1.0511928
200000	410000	2.734648
210000	410000	3.196465
220000	410000	2.4475942
230000	410000	3.0839984
240000	410000	2.1426945
250000	410000	3.5647883
260000	410000	3.0743654
270000	410000	2.0617228
280000	410000	1.6017922
290000	410000	2.9801054
300000	410000	2.6959121
310000	410000	1.9367424
320000	410000	1.8771832
330000	410000	2.7270553
340000	410000	1.7134607
350000	410000	2.4998136
360000	410000	2.7756271
370000	410000	2.2216473
380000	410000	2.0134192
390000	410000	1.9766092
400000	410000	2.006555
410000	410000	1.3794423
180000	420000	3.0176463
190000	420000	1.3777605
200000	420000	3.6842954
210000	420000	1.2539284
220000	420000	3.0912292
230000	420000	3.4618785
240000	420000	2.968887
250000	420000	1.1280996
260000	420000	2.4389532
270000	420000	3.0099587
280000	420000	2.0341194
290000	420000	1.6803303
300000	420000	3.1158605
310000	420000	3.144945
320000	420000	4.274583
330000	420000	1.5718311
340000	420000	2.8438551
350000	420000	2.1083195
360000	420000	3.1290302
370000	420000	2.644812
380000	420000	1.869059
390000	420000	2.5128741
400000	420000	1.7417967
410000	420000	1.9561678
420000	420000	1.0991824
190000	430000	2.2532089
200000	430000	2.157462
210000	430000	1.8345462
220000	430000	1.8059683
230000	430000	3.6627076
240000	430000	2.4816327
250000	430000	1.9953092
260000	430000	3.232852
270000	430000	2.2630281
280000	430000	1.8092668
290000	430000	2.2699327
300000	430000	3.162776
310000	430000	1.124299
320000	430000	1.4767706
330000	430000	1.9037548
340000	430000	0.5812276
350000	430000	2.3687716
360000	430000	3.0054471
370000	430000	1.6977901
380000	430000	2.1929183
390000	430000	2.605535
400000	430000	2.4920824
410000	430000	2.632884
420000	430000	2.5706272
430000	430000	1.2889606
180000	440000	4.392511
190000	440000	3.6230905
200000	440000	3.6015275
210000	440000	5.5266724
220000	440000	0.5663712
230000	440000	3.5675645
240000	440000	1.2506924
250000	440000	4.1709595
260000	440000	1.8158497
270000	440000	2.8577545
280000	440000	1.9091963
290000	440000	1.8032796
300000	440000	2.1855388
310000	440000	0.96368885
320000	440000	1.4145783
330000	440000	1.7622823
340000	440000	0.37724763
350000	440000	2.1792967
360000	440000	2.4498546
370000	440000	2.2855673
380000	440000	2.4139972
390000	440000	1.8566462
400000	440000	2.6375728
410000	440000	2.1148286
420000	440000	1.4039675
430000	440000	1.8798431
440000	440000	1.306569
190000	450000	3.1625736
200000	450000	3.5458262
210000	450000	2.905125
220000	450000	4.029536
230000	450000	2.0131786
240000	450000	2.4659946
250000	450000	2.647686
260000	450000	2.5100505
270000	450000	2.924378
280000	450000	4.5550623
290000	450000	3.4513657
300000	450000	2.9158478
310000	450000	4.2288136
320000	450000	3.4362278
330000	450000	1.7009709
340000	450000	2.463182
350000	450000	3.3087158
360000	450000	2.2812634
370000	450000	1.1916429
380000	450000	2.5582576
390000	450000	2.860345
400000	450000	2.051664
410000	450000	1.3662554
420000	450000	1.4204241
430000	450000	1.9473683
440000	450000	1.6438751
450000	450000	1.1354445
190000	460000	1.4394728
200000	460000	5.3735766
210000	460000	1.655232
220000	460000	0.6809996
230000	460000	6.753958
240000	460000	3.0065098
250000	460000	3.5246673
260000	460000	2.7443342
270000	460000	1.4853157
280000	460000	3.7299173
290000	460000	2.2061968
300000	460000	1.7942525
310000	460000	1.7809294
320000	460000	2.3505013
330000	460000	0.8856281
340000	460000	1.9109472
350000	460000	0.8014346
360000	460000	1.5989422
370000	460000	2.6637828
380000	460000	1.6467148
390000	460000	0.87712044
400000	460000	2.1106038
410000	460000	0.78850126
420000	460000	1.1932307
430000	460000	1.9002953
440000	460000	0.87258214
450000	460000	1.3916686
460000	460000	1.4010103
180000	470000	5.76678
190000	470000	2.631281
200000	470000	4.138281
210000	470000	4.850544
220000	470000	3.001142
230000	470000	2.7088003
250000	470000	1.6693169
260000	470000	0.6055186
270000	470000	0.54953706
280000	470000	5.1514874
290000	470000	1.4737322
300000	470000	0.49900508
310000	470000	0.6622182
320000	470000	1.9739596
330000	470000	2.4709806
340000	470000	1.6233143
350000	470000	0.90171075
360000	470000	2.7381856
370000	470000	0.8703372
380000	470000	1.5888346
390000	470000	1.0235057
400000	470000	1.5643834
410000	470000	1.274418
420000	470000	1.4980735
430000	470000	2.6871984
440000	470000	1.6465122
450000	470000	2.737824
460000	470000	2.3804693
470000	470000	1.9437536
190000	480000	3.3823786
200000	480000	7.1325607
210000	480000	2.5898218
220000	480000	3.7346258
230000	480000	3.3795145
240000	480000	2.3727055
250000	480000	2.388904
260000	480000	3.4639735
270000	480000	3.1383915
280000	480000	2.5899405
290000	480000	3.1609883
300000	480000	0.71898144
310000	480000	3.3368769
320000	480000	0.9499096
330000	480000	1.0742286
340000	480000	1.9538398
350000	480000	3.9652517
360000	480000	3.9870498
370000	480000	2.5718524
380000	480000	2.8216705
390000	480000	2.3004496
400000	480000	1.6537197
410000	480000	3.4229145
420000	480000	1.5108033
430000	480000	2.518929
440000	480000	1.9122461
450000	480000	1.526108
460000	480000	3.040479
470000	480000	2.3062656
480000	480000	1.2665806
180000	490000	3.434552
190000	490000	4.0963435
200000	490000	3.5439322
210000	490000	3.6232607
220000	490000	3.1446445
230000	490000	1.2181658
240000	490000	3.0011017
250000	490000	5.0414557
260000	490000	3.2980964
270000	490000	4.3134413
280000	490000	1.5620258
290000	490000	2.386909
300000	490000	3.344027
310000	490000	0.81238365
320000	490000	2.8307252
330000	490000	2.7514374
340000	490000	3.6837838
350000	490000	2.540247
360000	490000	2.5922184
370000	490000	3.3220212
380000	490000	2.260074
390000	490000	2.9082804
400000	490000	1.4654447
410000	490000	2.4019153
420000	490000	1.6760252
430000	490000	2.4927652
440000	490000	2.1715465
450000	490000	3.593798
460000	490000	3.293274
470000	490000	1.7051771
480000	490000	1.6538877
490000	490000	1.0800362
180000	500000	7.769854
190000	500000	1.0678996
200000	500000	4.3947873
210000	500000	4.1150475
220000	500000	3.5492694
230000	500000	6.4361186
240000	500000	2.8282304
250000	500000	3.0485036
260000	500000	2.9115386
270000	500000	2.643025
280000	500000	1.776389
290000	500000	2.7098715
300000	500000	3.1251545
310000	500000	0.46185645
320000	500000	3.243196
330000	500000	3.1498759
340000	500000	0.7688816
350000	500000	3.252388
360000	500000	3.3079536
370000	500000	2.904081
380000	500000	3.0926075
390000	500000	1.8398494
400000	500000	2.9563901
410000	500000	2.8618815
420000	500000	1.463731
430000	500000	2.0915244
440000	500000	2.7088954
450000	500000	3.2361498
460000	500000	2.1234303
470000	500000	3.1042151
480000	500000	1.2188054
490000	500000	1.9076567
500000	500000	1.1624163
180000	510000	4.4304385
190000	510000	3.6720824
200000	510000	5.945558
210000	510000	5.171008
220000	510000	5.2517815
230000	510000	3.680522
240000	510000	5.840447
250000	510000	3.9300902
260000	510000	3.3450494
270000	510000	2.60559
280000	510000	2.4580455
290000	510000	2.3421128
300000	510000	2.7963264
310000	510000	1.0691456
320000	510000	0.533825
330000	510000	2.4379544
340000	510000	4.0137815
350000	510000	3.4050295
360000	510000	1.9312845
370000	510000	2.6287093
380000	510000	2.2478352
390000	510000	2.7754037
400000	510000	2.639747
410000	510000	2.7922776
420000	510000	1.767271
430000	510000	1.8509368
440000	510000	2.3192534
450000	510000	1.956431
460000	510000	2.5483463
470000	510000	1.9014337
480000	510000	1.9185951
490000	510000	1.1137359
500000	510000	1.491557
510000	510000	1.3098541
180000	520000	8.196798
190000	520000	3.758309
200000	520000	4.234174
210000	520000	3.4772456
220000	520000	4.8458843
230000	520000	4.398816
240000	520000	1.198968
250000	520000	0.40464813
260000	520000	3.980787
270000	520000	1.208968
280000	520000	2.6640787
290000	520000	2.181409
300000	520000	3.3464844
310000	520000	1.4902104
320000	520000	2.4953268
330000	520000	3.7814362
340000	520000	1.6728358
350000	520000	1.4180083
360000	520000	2.9033604
370000	520000	3.8959444
380000	520000	2.9053879
390000	520000	1.4709753
400000	520000	2.779572
410000	520000	1.1933669
420000	520000	2.5533493
430000	520000	3.158859
440000	520000	1.7729391
450000	520000	1.4212725
460000	520000	0.7096053
470000	520000	1.1170597
480000	520000	0.79102486
490000	520000	1.0620651
500000	520000	1.5474024
510000	520000	1.0714027
520000	520000	1.4508454
180000	530000	3.685515
190000	530000	2.7209313
200000	530000	3.052452
210000	530000	5.5113807
220000	530000	3.409251
230000	530000	2.64715
240000	530000	1.635492
250000	530000	3.6569514
260000	530000	3.2077577
270000	530000	3.2841697
280000	530000	1.3820232
290000	530000	1.6520903
300000	530000	2.710399
310000	530000	1.3569746
320000	530000	2.7220483
330000	530000	3.1126153
340000	530000	0.38075307
350000	530000	2.2764943
360000	530000	1.6633706
370000	530000	1.6277676
380000	530000	1.7058965
390000	530000	1.3527266
400000	530000	1.0376652
410000	530000	2.765921
420000	530000	1.2010076
430000	530000	1.4882766
440000	530000	1.2081866
450000	530000	1.5374024
460000	530000	1.3868514
470000	530000	1.1157677
480000	530000	0.4091622
490000	530000	0.6663634
500000	530000	1.8044707
510000	530000	1.8848026
520000	530000	1.8730211
530000	530000	1.0411035
190000	540000	2.2835774
200000	540000	3.609327
210000	540000	3.1783962
220000	540000	1.3173833
230000	540000	0.5959254
240000	540000	3.6742218
250000	540000	3.9727654
260000	540000	2.1644495
270000	540000	4.939721
280000	540000	2.3358722
290000	540000	3.135468
300000	540000	1.3793567
310000	540000	0.61543417
320000	540000	1.8506494
330000	540000	1.4083985
340000	540000	4.160004
350000	540000	1.7685314
360000	540000	0.4557251
370000	540000	1.7824798
380000	540000	2.341473
390000	540000	0.37274978
400000	540000	1.0687038
410000	540000	1.1564171
420000	540000	1.3855573
430000	540000	1.4933286
440000	540000	1.3600084
450000	540000	0.7300771
460000	540000	0.33187196
470000	540000	1.30251
480000	540000	0.81370276
490000	540000	0.5882238
500000	540000	1.6561098
510000	540000	1.5147973
520000	540000	1.4623216
530000	540000	1.9370692
540000	540000	1.3936043
180000	550000	3.8348265
190000	550000	3.1816432
200000	550000	3.5816338
210000	550000	2.4687078
220000	550000	4.075575
230000	550000	1.389718
240000	550000	2.2819827
250000	550000	1.9236828
260000	550000	2.956389
270000	550000	1.5326065
280000	550000	2.9079084
290000	550000	2.0886786
300000	550000	0.7165034
310000	550000	1.4401487
320000	550000	0.4824212
330000	550000	1.8345306
340000	550000	3.245693
350000	550000	1.388243
360000	550000	1.0683187
370000	550000	2.105194
380000	550000	1.5789813
390000	550000	2.3525357
400000	550000	1.128407
410000	550000	1.8254743
420000	550000	2.219731
430000	550000	1.6635495
440000	550000	1.372599
450000	550000	2.3617756
460000	550000	1.9022313
470000	550000	0.53744656
480000	550000	0.85307163
490000	550000	1.6388904
500000	550000	1.7155279
510000	550000	1.5149083
520000	550000	1.3774856
530000	550000	2.2957015
540000	550000	1.7329953
550000	550000	1.1310424
180000	560000	6.8804426
190000	560000	1.8993645
200000	560000	2.8560338
210000	560000	1.4721781
220000	560000	2.7515872
230000	560000	1.6609387
240000	560000	3.083817
250000	560000	3.4617195
260000	560000	1.8961186
270000	560000	4.1591005
280000	560000	0.6535223
290000	560000	2.1973617
300000	560000	2.9041448
310000	560000	3.0345092
320000	560000	0.43611628
330000	560000	1.6627228
340000	560000	0.7349699
350000	560000	1.8829633
360000	560000	2.5917535
370000	560000	2.2242675
380000	560000	1.4408696
390000	560000	2.413208
400000	560000	2.06346
410000	560000	2.2338579
420000	560000	1.6244
430000	560000	1.9856262
440000	560000	2.025291
450000	560000	1.289196
460000	560000	1.7829728
470000	560000	0.5100368
480000	560000	1.1422712
490000	560000	1.3479704
500000	560000	1.0957403
510000	560000	1.9186523
520000	560000	1.8422062
530000	560000	2.3300648
540000	560000	1.9218544
550000	560000	1.7775137
560000	560000	1.0819559
190000	570000	2.5069373
200000	570000	2.822066
210000	570000	1.4573061
220000	570000	3.6212597
230000	570000	0.54994756
240000	570000	0.6778288
260000	570000	2.0080678
270000	570000	2.7472358
280000	570000	2.609298
290000	570000	1.2455436
300000	570000	2.5686483
310000	570000	2.2979069
320000	570000	1.1588603
330000	570000	1.3269101
340000	570000	0.4900371
350000	570000	1.2546669
360000	570000	0.862012
370000	570000	1.2759359
380000	570000	0.6399499
390000	570000	1.7999667
400000	570000	0.3460243
410000	570000	1.1268903
420000	570000	3.5643632
430000	570000	1.4846432
440000	570000	1.3831499
450000	570000	1.4993067
460000	570000	0.70134985
470000	570000	1.0550393
480000	570000	0.91136396
490000	570000	0.8621996
500000	570000	1.5670515
510000	570000	1.4023492
520000	570000	2.0918343
530000	570000	1.7814946
540000	570000	2.0357947
550000	570000	1.5530577
560000	570000	0.8282996
570000	570000	1.0882409
180000	580000	5.2549777
190000	580000	0.9669023
200000	580000	3.2656455
210000	580000	1.6832943
220000	580000	2.7936006
230000	580000	0.6345478
240000	580000	2.361215
250000	580000	1.0610863
260000	580000	1.1667951
270000	580000	3.1884933
280000	580000	3.022156
290000	580000	0.48444715
300000	580000	2.978554
320000	580000	0.67320883
330000	580000	1.0304235
340000	580000	0.571434
350000	580000	0.97789747
360000	580000	2.0143113
370000	580000	0.4960825
380000	580000	0.75098515
390000	580000	1.2616096
400000	580000	0.40730107
410000	580000	3.0926135
420000	580000	0.64674056
430000	580000	2.1091413
440000	580000	0.40801212
450000	580000	0.897716
460000	580000	1.2514427
470000	580000	1.6979783
480000	580000	1.6528205
490000	580000	1.2665329
500000	580000	0.42962307
510000	580000	0.4395806
520000	580000	0.71491206
530000	580000	1.6692113
540000	580000	1.8730315
550000	580000	1.2587093
560000	580000	1.2198937
570000	580000	1.9000657
580000	580000	1.2327863
190000	590000	1.3539634
200000	590000	0.50794935
210000	590000	2.0948014
220000	590000	0.6506625
230000	590000	1.1844928
240000	590000	1.464973
250000	590000	1.4906596
260000	590000	2.176287
270000	590000	1.9924281
280000	590000	1.4145513
290000	590000	2.2628293
300000	590000	0.4672025
310000	590000	1.2499418
320000	590000	1.2631831
330000	590000	1.931242
340000	590000	1.0737514
350000	590000	0.45987803
360000	590000	2.3742964
370000	590000	0.46749765
380000	590000	1.0597688
390000	590000	0.79608834
400000	590000	1.1512994
410000	590000	1.2583457
420000	590000	0.30676764
430000	590000	1.6719687
440000	590000	1.1687963
450000	590000	1.4239466
460000	590000	2.417473
470000	590000	1.2218574
480000	590000	1.6091355
490000	590000	0.41169915
500000	590000	1.2725606
510000	590000	1.5309662
520000	590000	0.7229981
530000	590000	2.156851
540000	590000	1.838202
550000	590000	1.8322114
560000	590000	2.2470582
570000	590000	1.8898927
580000	590000	1.51562
590000	590000	1.3084908
190000	600000	3.2139022
200000	600000	2.0615911
210000	600000	2.1248808
230000	600000	2.3988497
240000	600000	1.4861302
250000	600000	1.507832
260000	600000	0.5538368
270000	600000	2.5244884
280000	600000	2.882214
290000	600000	0.9209429
300000	600000	2.3719182
310000	600000	0.6392929
320000	600000	0.64204955
330000	600000	2.9539535
340000	600000	2.7341597
350000	600000	1.4088371
360000	600000	1.4563128
370000	600000	0.9582898
380000	600000	0.36182994
390000	600000	1.6280544
400000	600000	0.39480594
410000	600000	0.42955554
420000	600000	0.6331109
430000	600000	1.0343748
440000	600000	1.2084583
450000	600000	1.47784
460000	600000	1.6671149
470000	600000	0.4275719
490000	600000	0.8712967
500000	600000	1.1240125
510000	600000	1.1735356
520000	600000	1.7594132
530000	600000	2.5288467
540000	600000	1.5020295
550000	600000	1.6304064
560000	600000	1.8749083
570000	600000	2.1815085
580000	600000	2.0356023
590000	600000	1.9766704
600000	600000	1.3409709
190000	610000	0.48881963
200000	610000	3.3166683
210000	610000	1.1365434
220000	610000	0.7058948
230000	610000	1.2828194
240000	610000	2.379841
250000	610000	1.0750984
270000	610000	1.6255845
280000	610000	0.5133516
290000	610000	1.9783335
300000	610000	1.017747
310000	610000	1.368717
320000	610000	1.3848344
330000	610000	1.0552949
340000	610000	1.1757603
350000	610000	1.0085764
360000	610000	1.0452484
370000	610000	0.51640993
380000	610000	2.345862
390000	610000	1.3185726
410000	610000	0.93180543
420000	610000	0.6835648
430000	610000	1.1253238
440000	610000	1.7515731
450000	610000	0.3221881
470000	610000	1.8651919
480000	610000	0.61909425
490000	610000	1.6764078
500000	610000	0.7523808
510000	610000	1.3113827
520000	610000	1.9906083
530000	610000	0.5406687
540000	610000	4.1340427
550000	610000	1.7827109
560000	610000	2.1851876
570000	610000	2.782594
580000	610000	2.1113029
590000	610000	1.6184442
600000	610000	1.840628
610000	610000	1.3902359
190000	620000	0.9207099
200000	620000	2.081915
210000	620000	2.6950846
220000	620000	0.66782016
230000	620000	3.0331554
250000	620000	2.0300941
260000	620000	2.7932525
270000	620000	2.0441847
280000	620000	1.4617033
290000	620000	0.4674311
300000	620000	0.96675146
310000	620000	1.9477053
320000	620000	1.3110515
330000	620000	1.0064942
340000	620000	2.2288373
350000	620000	0.47945946
360000	620000	0.9926518
370000	620000	1.9667485
380000	620000	2.2359822
390000	620000	1.2600533
400000	620000	0.8129477
410000	620000	0.88838315
420000	620000	0.9835241
430000	620000	0.7163483
440000	620000	0.84262806
450000	620000	3.0974581
460000	620000	2.6377883
470000	620000	1.3536797
480000	620000	0.59710306
490000	620000	2.344169
500000	620000	1.706979
510000	620000	1.2938471
520000	620000	1.5300748
530000	620000	1.0819755
540000	620000	0.87766135
550000	620000	1.979311
560000	620000	1.4457783
570000	620000	2.7446084
580000	620000	2.2493553
590000	620000	1.8804241
600000	620000	1.2616241
610000	620000	1.8605603
620000	620000	1.1743643
190000	630000	1.7083187
200000	630000	1.9193583
210000	630000	2.6497338
220000	630000	4.1339345
240000	630000	0.9262627
250000	630000	0.6265771
260000	630000	1.3768793
270000	630000	1.2618347
280000	630000	1.7993631
300000	630000	1.192561
310000	630000	1.609884
320000	630000	0.8117005
340000	630000	0.693655
350000	630000	1.779469
360000	630000	0.61592484
380000	630000	0.92625165
400000	630000	1.5209903
420000	630000	0.81593674
430000	630000	0.44843134
440000	630000	0.5250874
450000	630000	1.9449159
460000	630000	1.6549834
470000	630000	1.1355404
480000	630000	1.8854198
490000	630000	2.0656996
500000	630000	0.93464434
510000	630000	0.9852254
520000	630000	0.5629707
530000	630000	2.0934744
540000	630000	3.1521256
550000	630000	2.004029
560000	630000	1.1281769
570000	630000	2.814587
580000	630000	2.9980583
590000	630000	2.6229713
600000	630000	2.1324348
610000	630000	1.9668019
620000	630000	1.7605524
630000	630000	1.2489594
190000	640000	1.8855823
200000	640000	1.5987213
230000	640000	1.8734803
240000	640000	0.77019966
250000	640000	1.562552
260000	640000	0.5723294
270000	640000	1.0471046
290000	640000	1.4400285
300000	640000	0.99484
310000	640000	1.3372798
320000	640000	0.6776732
330000	640000	2.074048
340000	640000	1.1543701
350000	640000	0.9944574
360000	640000	0.51310575
370000	640000	1.0186069
380000	640000	1.5462725
390000	640000	1.3118564
400000	640000	0.849475
410000	640000	3.2553864
420000	640000	1.3697715
430000	640000	1.5030749
440000	640000	1.7707418
450000	640000	0.9793539
460000	640000	0.93301713
470000	640000	0.95950687
480000	640000	1.597526
490000	640000	1.505917
500000	640000	1.0563971
510000	640000	2.2602742
520000	640000	0.9622304
530000	640000	1.2102622
540000	640000	1.7423273
550000	640000	2.2911477
560000	640000	1.5713288
570000	640000	1.8592454
580000	640000	2.2428403
590000	640000	2.2233806
600000	640000	2.5840838
610000	640000	1.510138
620000	640000	1.6893237
630000	640000	1.5498883
640000	640000	1.3657696
180000	650000	11.589333
190000	650000	2.124808
200000	650000	1.8141663
210000	650000	3.7563877
220000	650000	0.77634645
230000	650000	4.2505717
240000	650000	2.640505
250000	650000	0.59367514
270000	650000	1.7898967
300000	650000	1.6956352
320000	650000	2.3149188
330000	650000	1.1868062
350000	650000	1.1342902
360000	650000	0.58960396
370000	650000	1.1631943
380000	650000	0.4428077
400000	650000	1.4616795
410000	650000	1.6021665
420000	650000	1.1827972
430000	650000	0.43236318
440000	650000	0.5084946
450000	650000	0.75453347
460000	650000	1.6100335
470000	650000	1.1122484
480000	650000	0.37007517
490000	650000	0.87453526
500000	650000	2.1553233
510000	650000	1.3132268
520000	650000	1.7021335
530000	650000	1.8903749
540000	650000	1.479351
550000	650000	2.308287
560000	650000	1.5498478
570000	650000	2.258907
580000	650000	2.3433368
590000	650000	1.2277029
600000	650000	2.1495683
610000	650000	2.0524085
620000	650000	1.5557629
630000	650000	2.1769273
640000	650000	1.5637715
650000	650000	1.3079696
190000	660000	0.5599706
200000	660000	0.6279855
210000	660000	1.309402
220000	660000	1.6337599
250000	660000	0.62521696
260000	660000	2.0550747
270000	660000	1.8795446
280000	660000	1.7869533
290000	660000	1.7202251
310000	660000	0.80064285
320000	660000	0.8131546
330000	660000	1.8680339
340000	660000	2.0872822
350000	660000	1.7921293
360000	660000	3.0987597
370000	660000	1.2317576
380000	660000	0.93198794
400000	660000	2.0549624
410000	660000	2.8228395
420000	660000	0.4172443
430000	660000	0.45874265
440000	660000	1.6175406
450000	660000	1.1980649
460000	660000	0.5715619
480000	660000	1.9766653
490000	660000	1.8669764
500000	660000	0.9886928
510000	660000	1.7636663
520000	660000	2.1265154
530000	660000	1.2840168
540000	660000	2.5552917
550000	660000	1.3792322
560000	660000	1.5116227
570000	660000	2.0532408
580000	660000	2.8622296
590000	660000	1.796157
600000	660000	2.6787696
610000	660000	1.8131093
620000	660000	2.0784461
630000	660000	1.4137701
640000	660000	1.9744765
650000	660000	1.6052365
660000	660000	1.2063893
190000	670000	0.5916876
200000	670000	1.3367865
210000	670000	1.372915
220000	670000	0.86249983
230000	670000	3.1478598
250000	670000	2.6397052
260000	670000	0.72839206
270000	670000	1.3289034
280000	670000	1.2630588
290000	670000	1.8240148
300000	670000	1.2564691
310000	670000	0.84893787
320000	670000	1.7194415
340000	670000	2.2114227
350000	670000	1.2722296
360000	670000	1.977288
370000	670000	1.3072531
380000	670000	0.49823043
390000	670000	0.5611892
400000	670000	0.5475572
410000	670000	0.6010438
420000	670000	0.44534558
430000	670000	0.4901708
440000	670000	0.5776054
450000	670000	0.42754674
460000	670000	0.6108728
470000	670000	1.9019239
480000	670000	0.42316878
490000	670000	0.67122436
500000	670000	1.0655402
510000	670000	1.5247866
520000	670000	1.9772668
530000	670000	1.665931
540000	670000	0.70097125
550000	670000	1.5033619
560000	670000	1.8808833
570000	670000	1.7692093
580000	670000	2.6754193
590000	670000	2.7073295
600000	670000	3.0776472
610000	670000	2.5163584
620000	670000	1.4219915
630000	670000	2.2754
640000	670000	1.6242398
650000	670000	1.8242368
660000	670000	1.8548694
670000	670000	1.4425578
190000	680000	1.4343002
200000	680000	1.6198758
210000	680000	1.1171907
220000	680000	1.3828046
230000	680000	0.6352685
240000	680000	1.5780503
250000	680000	1.0653278
260000	680000	1.1756039
270000	680000	1.6204839
280000	680000	1.0241339
300000	680000	2.0371644
310000	680000	0.6869539
320000	680000	0.69694054
330000	680000	0.53553087
340000	680000	1.1992706
380000	680000	0.40426472
390000	680000	0.91746676
400000	680000	0.8896162
410000	680000	0.48977077
420000	680000	0.724967
430000	680000	0.7999914
440000	680000	2.359287
450000	680000	0.70034516
460000	680000	2.00003
470000	680000	0.5180368
480000	680000	1.391558
490000	680000	1.9225932
500000	680000	0.58577377
510000	680000	0.31409335
520000	680000	1.3614068
530000	680000	1.6119387
540000	680000	1.1588744
550000	680000	3.1530035
560000	680000	2.089912
570000	680000	2.1372154
580000	680000	2.4926972
590000	680000	0.9673857
600000	680000	3.0146422
610000	680000	2.7204065
620000	680000	2.553442
630000	680000	2.569304
640000	680000	3.6641366
650000	680000	2.8682735
660000	680000	2.3749862
670000	680000	1.8847964
680000	680000	1.2060791
190000	690000	0.45526448
200000	690000	1.0262316
210000	690000	0.5307064
220000	690000	2.6466904
230000	690000	2.3956194
240000	690000	1.4981366
250000	690000	3.0529091
260000	690000	0.5579785
270000	690000	1.0252929
280000	690000	0.48957074
290000	690000	1.4099153
300000	690000	2.4275463
310000	690000	0.65493846
320000	690000	1.3264962
330000	690000	1.5316964
350000	690000	0.49293837
360000	690000	0.51116097
370000	690000	0.5088373
390000	690000	2.1887422
400000	690000	1.2828436
410000	690000	1.4037378
420000	690000	2.0842743
430000	690000	1.5315638
440000	690000	1.8113707
450000	690000	0.6728531
460000	690000	0.9632382
470000	690000	0.9973439
480000	690000	1.3372687
490000	690000	1.5932978
500000	690000	1.4094517
510000	690000	2.4368494
520000	690000	0.7915484
530000	690000	1.1188015
540000	690000	1.6955127
550000	690000	2.2478158
560000	690000	2.5774338
570000	690000	2.304077
580000	690000	1.5775045
590000	690000	1.156364
600000	690000	2.1461818
610000	690000	2.0738769
620000	690000	1.9050667
630000	690000	1.4362721
640000	690000	2.7477703
650000	690000	2.174216
660000	690000	1.82986
670000	690000	1.1473517
680000	690000	1.5996575
690000	690000	0.91481507
200000	700000	1.8157636
210000	700000	1.2494446
220000	700000	3.114855
230000	700000	0.7099828
240000	700000	1.7495631
250000	700000	0.5983715
260000	700000	1.3204883
270000	700000	0.6028123
280000	700000	1.1511121
290000	700000	1.1131871
310000	700000	1.5468193
330000	700000	1.805638
350000	700000	0.5804763
360000	700000	1.2115203
380000	700000	0.9169621
400000	700000	1.5164065
410000	700000	2.2288568
430000	700000	0.90907174
450000	700000	0.39994892
460000	700000	1.146356
480000	700000	0.398649
490000	700000	1.2644473
500000	700000	1.0128275
510000	700000	1.8157943
520000	700000	1.5848342
530000	700000	1.3429784
540000	700000	2.7211344
550000	700000	1.7282921
560000	700000	1.6553841
570000	700000	1.0239801
580000	700000	1.9151567
590000	700000	1.1870985
600000	700000	1.9861822
610000	700000	1.2954751
620000	700000	2.5832143
630000	700000	1.4294971
640000	700000	1.3477738
650000	700000	1.7672466
660000	700000	2.190725
670000	700000	1.3140512
680000	700000	1.7060599
690000	700000	1.9765052
700000	700000	1.2265964
200000	710000	3.6102092
210000	710000	0.6223403
220000	710000	3.096626
240000	710000	0.8758059
250000	710000	1.1803133
260000	710000	1.9672176
270000	710000	0.60240346
280000	710000	1.7147124
290000	710000	1.105245
300000	710000	1.7208498
310000	710000	1.5431119
320000	710000	0.7811852
330000	710000	1.2006274
350000	710000	0.57895833
360000	710000	1.2048718
370000	710000	3.00475
380000	710000	0.45691746
390000	710000	1.5581073
400000	710000	0.5056511
410000	710000	1.1125315
420000	710000	2.0672781
440000	710000	2.1533573
450000	710000	2.8036144
470000	710000	1.7940938
480000	710000	1.2051332
490000	710000	0.3183399
500000	710000	1.6970614
510000	710000	1.8366187
520000	710000	1.9148791
530000	710000	1.090021
540000	710000	2.41375
550000	710000	2.509849
560000	710000	2.111437
570000	710000	2.0828228
580000	710000	2.5415244
590000	710000	1.4605619
600000	710000	3.4439719
610000	710000	1.8000203
620000	710000	1.7521421
630000	710000	1.5200824
640000	710000	2.10391
650000	710000	2.277548
660000	710000	1.4743494
670000	710000	1.1723112
680000	710000	1.5232325
690000	710000	1.9083683
700000	710000	1.6868367
710000	710000	1.2673619
190000	720000	3.2410672
200000	720000	1.8339076
210000	720000	2.534646
220000	720000	2.3696125
230000	720000	1.4370373
250000	720000	1.8154455
260000	720000	1.3247806
270000	720000	3.6766443
290000	720000	0.562079
300000	720000	2.333235
310000	720000	0.79038453
320000	720000	0.7981751
330000	720000	0.61318576
340000	720000	0.68466395
350000	720000	1.180701
360000	720000	2.4616146
370000	720000	1.224235
380000	720000	1.4050982
390000	720000	2.1205027
400000	720000	1.0374819
420000	720000	0.84548414
430000	720000	0.46794853
440000	720000	1.102149
450000	720000	1.2337841
460000	720000	1.1804677
470000	720000	1.2299083
490000	720000	0.3285493
500000	720000	0.700155
510000	720000	2.6475656
520000	720000	2.9755776
530000	720000	1.1240808
540000	720000	1.79154
550000	720000	2.6059628
560000	720000	1.9784975
570000	720000	2.7209344
580000	720000	2.9415004
590000	720000	2.316024
600000	720000	1.9288418
610000	720000	1.4385229
620000	720000	2.28568
630000	720000	1.407995
640000	720000	1.4100808
650000	720000	2.7010114
660000	720000	2.1684718
670000	720000	1.9842281
680000	720000	2.061956
690000	720000	1.8117537
700000	720000	2.1317155
710000	720000	1.3980051
720000	720000	1.1766324
190000	730000	0.640128
200000	730000	0.72190547
210000	730000	1.4963288
230000	730000	0.8519812
240000	730000	1.054992
250000	730000	0.71592236
260000	730000	2.3680694
290000	730000	2.0057416
320000	730000	0.95024115
330000	730000	2.912466
340000	730000	1.6254959
350000	730000	0.70085764
360000	730000	0.7292683
370000	730000	1.4533783
380000	730000	0.55442977
390000	730000	1.2630517
400000	730000	1.8460317
410000	730000	0.6795001
420000	730000	1.0067301
430000	730000	2.2241766
450000	730000	0.97851336
460000	730000	2.1130397
470000	730000	1.4660187
480000	730000	0.494183
490000	730000	2.3583426
500000	730000	0.83978546
510000	730000	0.9067341
520000	730000	0.7912671
530000	730000	1.3533211
540000	730000	3.0059505
550000	730000	2.5175905
560000	730000	2.1221116
570000	730000	2.3046
580000	730000	3.57264
590000	730000	1.5575873
600000	730000	1.777274
610000	730000	2.3407683
620000	730000	4.1170435
630000	730000	3.4929442
640000	730000	1.9922411
650000	730000	1.1395675
660000	730000	2.3602793
670000	730000	2.6089528
680000	730000	1.2635847
690000	730000	2.34213
700000	730000	2.6389508
710000	730000	2.4125009
720000	730000	1.8229967
730000	730000	1.1864878
190000	740000	0.58923477
200000	740000	3.9981492
210000	740000	0.68820614
220000	740000	1.7191633
230000	740000	1.5705487
240000	740000	0.9744025
250000	740000	1.9796411
270000	740000	0.66773534
280000	740000	1.2647773
290000	740000	0.6156425
300000	740000	0.6388304
310000	740000	0.86002403
320000	740000	0.874727
340000	740000	0.75173014
350000	740000	1.2960911
360000	740000	2.697519
370000	740000	2.6830778
380000	740000	2.563467
390000	740000	2.9115188
410000	740000	1.2556951
430000	740000	0.51572025
440000	740000	1.2211684
450000	740000	0.9124116
460000	740000	1.3053669
480000	740000	2.29415
490000	740000	1.4635127
500000	740000	1.1738484
510000	740000	0.42356628
520000	740000	0.3693956
530000	740000	1.892142
540000	740000	3.6243231
550000	740000	2.6440043
560000	740000	1.9961467
570000	740000	2.4755406
580000	740000	1.3468711
590000	740000	4.4207025
600000	740000	1.3965364
610000	740000	1.6800164
620000	740000	2.2014472
630000	740000	1.965389
640000	740000	1.4971156
650000	740000	1.1147636
660000	740000	1.9039054
670000	740000	1.4075975
680000	740000	1.8692919
690000	740000	3.6674414
700000	740000	2.211885
710000	740000	1.1166269
720000	740000	1.8971053
730000	740000	1.9978267
740000	740000	1.088161
190000	750000	2.3982577
200000	750000	1.3546389
210000	750000	0.70147187
230000	750000	3.1899414
240000	750000	1.9834628
250000	750000	2.0190172
260000	750000	1.4807034
270000	750000	2.717878
280000	750000	0.64819396
290000	750000	1.2432762
300000	750000	1.2991364
320000	750000	0.88933957
350000	750000	0.661875
360000	750000	2.0656931
380000	750000	1.0451453
390000	750000	2.9730012
400000	750000	0.58136684
420000	750000	1.907803
430000	750000	3.1731548
440000	750000	0.6253379
450000	750000	0.9325318
460000	750000	2.0161006
480000	750000	1.4128532
490000	750000	1.8755769
500000	750000	2.0109715
510000	750000	1.7434044
520000	750000	4.191989
530000	750000	2.275954
540000	750000	0.82897294
550000	750000	1.2168711
560000	750000	3.086545
570000	750000	2.2499177
580000	750000	2.0968347
590000	750000	0.61343867
600000	750000	2.3342867
610000	750000	2.9154508
620000	750000	1.5508691
630000	750000	1.4736186
640000	750000	2.73365
650000	750000	2.1408067
660000	750000	1.8280997
670000	750000	1.53241
680000	750000	2.7046099
690000	750000	2.408298
700000	750000	2.4544578
710000	750000	2.0397704
720000	750000	1.7626522
730000	750000	1.8724333
740000	750000	1.8414052
750000	750000	1.2393605
190000	760000	1.6633091
200000	760000	1.8800863
210000	760000	1.296706
220000	760000	1.6184903
230000	760000	0.7365868
240000	760000	0.91582155
250000	760000	1.2457185
260000	760000	2.0598156
280000	760000	1.1995436
290000	760000	1.158788
300000	760000	1.192832
320000	760000	3.30949
330000	760000	2.5380921
350000	760000	0.6162951
360000	760000	0.6394851
370000	760000	1.2718627
380000	760000	0.48522547
390000	760000	1.6532964
410000	760000	1.191232
420000	760000	0.8887774
430000	760000	0.98132867
440000	760000	1.166235
450000	760000	2.1711426
460000	760000	2.498269
470000	760000	0.65275985
480000	760000	1.3145981
490000	760000	1.750549
500000	760000	2.249733
510000	760000	2.4442747
520000	760000	0.7131644
530000	760000	2.1350827
540000	760000	1.9429371
550000	760000	2.2778025
560000	760000	1.453192
570000	760000	3.0128186
580000	760000	1.9804696
590000	760000	1.4473497
600000	760000	1.6568075
610000	760000	2.7695115
620000	760000	2.6920025
630000	760000	1.6991822
640000	760000	1.9569702
650000	760000	2.5342383
660000	760000	2.4385982
670000	760000	2.3653321
680000	760000	1.889944
690000	760000	2.4229674
700000	760000	2.524104
710000	760000	2.0518582
720000	760000	1.5409968
730000	760000	2.2480564
740000	760000	2.5387843
750000	760000	1.5991673
760000	760000	1.069903
190000	770000	1.169996
200000	770000	3.3180006
220000	770000	2.5694299
230000	770000	0.7817453
240000	770000	3.8744156
250000	770000	1.9758868
260000	770000	2.182899
280000	770000	1.9068671
290000	770000	2.4555523
300000	770000	0.6365313
340000	770000	0.75322104
350000	770000	1.304582
360000	770000	0.6818319
370000	770000	0.6762858
380000	770000	0.5158616
390000	770000	1.7578499
400000	770000	1.1458024
410000	770000	0.6332737
420000	770000	1.4133723
430000	770000	2.0939581
440000	770000	0.6194905
450000	770000	0.9273074
470000	770000	0.6946657
480000	770000	1.4093891
490000	770000	0.74604374
500000	770000	2.4043877
510000	770000	1.3046618
520000	770000	2.671483
530000	770000	1.6340034
540000	770000	0.4174208
550000	770000	2.1396196
560000	770000	2.595657
570000	770000	1.2994138
580000	770000	1.7714359
590000	770000	3.4437714
600000	770000	2.3873014
610000	770000	3.0011926
620000	770000	3.46065
630000	770000	1.8421837
640000	770000	3.1102319
650000	770000	3.021692
660000	770000	1.2293386
670000	770000	1.4332519
680000	770000	1.9485743
690000	770000	3.356942
700000	770000	2.584796
710000	770000	2.5583308
720000	770000	2.2553122
730000	770000	0.74363905
740000	770000	1.7451419
750000	770000	1.5945278
760000	770000	1.7057562
770000	770000	1.2413814
190000	780000	2.674997
200000	780000	0.6043572
210000	780000	1.2556629
220000	780000	1.5664883
230000	780000	0.714143
260000	780000	1.3282437
270000	780000	0.61086035
280000	780000	1.1652439
290000	780000	2.8077397
300000	780000	3.4927762
310000	780000	0.78794676
320000	780000	1.5898751
330000	780000	1.8531455
340000	780000	0.69258726
350000	780000	0.5960333
360000	780000	1.8686833
380000	780000	1.4205581
390000	780000	2.6884668
400000	780000	2.1030777
410000	780000	1.160231
420000	780000	1.2970783
430000	780000	0.47903234
440000	780000	0.57048297
450000	780000	0.8503287
460000	780000	0.6138439
480000	780000	2.157678
490000	780000	1.3807554
500000	780000	1.1055773
510000	780000	1.6047033
520000	780000	3.1648953
530000	780000	2.1132956
540000	780000	3.8603344
550000	780000	2.834056
560000	780000	2.8861945
570000	780000	1.8030128
580000	780000	1.9783617
590000	780000	1.160178
600000	780000	2.507162
610000	780000	2.2395709
620000	780000	1.244972
630000	780000	2.59442
640000	780000	1.3433161
650000	780000	1.4348696
660000	780000	1.8556249
670000	780000	1.6006919
680000	780000	2.0382705
690000	780000	1.4813657
700000	780000	1.2645234
710000	780000	1.6959829
720000	780000	1.2735164
730000	780000	1.9570884
740000	780000	1.3068826
750000	780000	1.7275993
760000	780000	2.1456058
770000	780000	1.7131597
780000	780000	1.1473181
190000	790000	0.88992196
200000	790000	1.5039306
210000	790000	1.5558419
220000	790000	0.6493001
230000	790000	0.59235317
250000	790000	0.9991494
260000	790000	2.7494864
270000	790000	1.5170941
280000	790000	0.48338205
290000	790000	0.4668619
300000	790000	0.48298213
310000	790000	0.65359765
320000	790000	1.9926138
350000	790000	1.9883667
360000	790000	1.548741
370000	790000	2.5785925
380000	790000	0.39526016
390000	790000	0.44766495
400000	790000	0.4376061
410000	790000	0.9657705
420000	790000	1.0777129
430000	790000	1.9936935
450000	790000	3.55123
460000	790000	1.5316384
470000	790000	0.5345065
480000	790000	0.72054946
490000	790000	0.86277753
500000	790000	1.5465864
510000	790000	1.0038862
520000	790000	2.9423125
530000	790000	1.5138742
540000	790000	1.6172906
550000	790000	2.3772407
560000	790000	2.427221
570000	790000	3.5357907
580000	790000	3.3197827
590000	790000	2.4483728
600000	790000	2.5749543
610000	790000	2.6073782
620000	790000	1.8959502
630000	790000	2.4456081
640000	790000	2.478565
650000	790000	1.6238377
660000	790000	1.1988299
670000	790000	2.7393677
680000	790000	1.1798396
690000	790000	2.7055264
700000	790000	1.8094027
710000	790000	1.7559525
720000	790000	1.8377838
730000	790000	2.2853725
740000	790000	2.495679
750000	790000	2.2867134
760000	790000	2.0662298
770000	790000	1.5761238
780000	790000	1.4965086
790000	790000	0.9768701
190000	800000	1.2869201
200000	800000	2.1994617
210000	800000	0.75644445
220000	800000	2.8293579
230000	800000	1.7269473
240000	800000	1.0723127
250000	800000	1.4557415
260000	800000	0.8034176
270000	800000	1.4725671
280000	800000	2.1109655
290000	800000	0.681102
300000	800000	2.118234
320000	800000	3.8752127
340000	800000	3.3235238
360000	800000	2.2712493
370000	800000	1.5031619
380000	800000	2.3036373
400000	800000	1.2813029
410000	800000	1.413455
420000	800000	1.0516261
430000	800000	1.7476985
440000	800000	2.0791137
450000	800000	0.5182861
460000	800000	1.4997088
480000	800000	0.5295752
490000	800000	1.2665901
500000	800000	0.9063064
510000	800000	0.49387786
520000	800000	2.1577806
530000	800000	2.2273157
540000	800000	0.47535104
550000	800000	2.8020527
560000	800000	1.7900455
570000	800000	1.4939026
580000	800000	0.81769127
590000	800000	2.889758
600000	800000	1.0423919
610000	800000	1.7512103
620000	800000	2.822822
630000	800000	4.00216
640000	800000	1.1376956
650000	800000	1.5197517
660000	800000	2.3856559
670000	800000	2.074658
680000	800000	1.7752339
690000	800000	2.1637025
700000	800000	2.5542498
710000	800000	2.136252
720000	800000	0.89620835
730000	800000	1.7168639
740000	800000	2.4896572
750000	800000	2.0567765
760000	800000	1.6973433
770000	800000	1.898231
780000	800000	1.7782344
790000	800000	1.1184108
800000	800000	1.3263339
190000	810000	1.3166516
200000	810000	2.9851685
220000	810000	3.8732321
230000	810000	0.8828447
240000	810000	2.2005632
250000	810000	1.4945618
260000	810000	0.82396585
270000	810000	1.5144289
280000	810000	0.72115356
300000	810000	1.4501749
310000	810000	0.9812456
320000	810000	2.984712
330000	810000	3.8348815
340000	810000	0.85929394
350000	810000	2.2144003
360000	810000	0.7767206
370000	810000	2.3275397
380000	810000	0.5907874
400000	810000	0.6619134
410000	810000	0.7282903
440000	810000	1.4254695
450000	810000	0.53398263
460000	810000	1.5406775
470000	810000	2.4245286
480000	810000	1.6355356
490000	810000	0.43684036
500000	810000	2.34135
510000	810000	2.5465047
520000	810000	3.5867221
530000	810000	1.5330386
540000	810000	1.9691576
550000	810000	1.8116186
560000	810000	1.8564844
570000	810000	1.9387914
580000	810000	1.2767283
590000	810000	3.3818867
600000	810000	1.4433703
610000	810000	1.4637783
620000	810000	1.6311052
630000	810000	1.1439147
640000	810000	3.2763305
650000	810000	1.2766911
660000	810000	0.94298136
670000	810000	0.311368
680000	810000	1.6561658
690000	810000	1.8749689
700000	810000	3.202555
710000	810000	1.4633968
720000	810000	1.5628527
730000	810000	1.6763393
740000	810000	2.0845141
750000	810000	1.5646391
760000	810000	1.5044825
770000	810000	1.6660388
780000	810000	2.287265
790000	810000	1.4575773
800000	810000	2.0243673
810000	810000	0.93103886
190000	820000	2.5524197
200000	820000	1.726545
210000	820000	0.59747803
220000	820000	1.5027086
230000	820000	1.3664372
240000	820000	0.8479448
250000	820000	1.7338682
260000	820000	1.9128838
270000	820000	1.7560487
280000	820000	1.118047
290000	820000	1.0782561
300000	820000	0.5600184
320000	820000	0.77169436
330000	820000	1.1873701
340000	820000	0.66499436
350000	820000	1.1507907
360000	820000	0.59646434
370000	820000	0.5999646
380000	820000	0.919369
390000	820000	0.52108574
400000	820000	1.0233985
410000	820000	2.2686756
420000	820000	1.2622801
430000	820000	2.3303947
440000	820000	1.1070062
450000	820000	1.2417892
460000	820000	1.196459
480000	820000	1.2745137
490000	820000	0.6779417
500000	820000	0.36520168
510000	820000	1.1900784
520000	820000	3.136416
530000	820000	2.400944
540000	820000	1.9154973
550000	820000	1.9798366
560000	820000	2.895078
570000	820000	2.121851
580000	820000	0.9991387
590000	820000	2.0637681
600000	820000	2.2635043
610000	820000	3.150972
620000	820000	1.798397
630000	820000	2.3914533
640000	820000	0.23528495
650000	820000	2.0154557
660000	820000	1.4927422
670000	820000	2.4738111
680000	820000	1.8735263
690000	820000	1.8416749
700000	820000	2.739271
710000	820000	1.1854331
720000	820000	1.1095808
730000	820000	1.7214307
740000	820000	1.4382378
750000	820000	1.0532626
760000	820000	2.048832
770000	820000	1.7809474
780000	820000	1.361832
790000	820000	1.8169043
800000	820000	1.6927251
810000	820000	2.236121
820000	820000	1.0188206
190000	830000	0.6207834
220000	830000	0.9063813
240000	830000	1.0317322
250000	830000	2.8011897
260000	830000	0.7753581
270000	830000	2.1365776
280000	830000	1.3588779
290000	830000	0.65708
310000	830000	0.9223164
340000	830000	0.8093123
350000	830000	2.8004417
360000	830000	0.73103803
370000	830000	2.1731544
380000	830000	1.6766981
390000	830000	1.912419
420000	830000	0.51518875
430000	830000	1.7075987
440000	830000	2.0272903
450000	830000	1.0108174
470000	830000	0.7640987
480000	830000	0.51722634
490000	830000	0.41530854
500000	830000	1.7821997
510000	830000	0.9728474
520000	830000	1.2803131
530000	830000	2.5674233
540000	830000	1.8866637
550000	830000	1.73028
560000	830000	2.3687954
570000	830000	0.3716035
580000	830000	2.0467005
590000	830000	1.8137784
600000	830000	1.7451457
610000	830000	0.70628405
620000	830000	3.7942796
630000	830000	1.850723
640000	830000	1.1600525
650000	830000	0.93870187
660000	830000	0.30875576
670000	830000	1.8471131
680000	830000	2.1062934
690000	830000	2.5013795
700000	830000	1.6152306
710000	830000	1.700467
720000	830000	1.6150644
730000	830000	1.5372496
740000	830000	2.786529
750000	830000	2.0566435
760000	830000	1.7119477
770000	830000	1.873171
780000	830000	1.6954296
790000	830000	1.4698606
800000	830000	1.9827708
810000	830000	2.2978513
820000	830000	1.4289633
830000	830000	1.0036504
190000	840000	1.379353
200000	840000	3.1343913
210000	840000	2.4332886
220000	840000	3.0277314
230000	840000	0.9234097
240000	840000	1.1559407
250000	840000	2.347559
290000	840000	0.7334187
300000	840000	0.76131153
310000	840000	4.115036
320000	840000	1.0473334
330000	840000	0.8091851
340000	840000	0.9063953
350000	840000	1.5649773
370000	840000	1.6306777
380000	840000	1.8591391
390000	840000	1.4235703
400000	840000	1.3977851
420000	840000	0.57506555
430000	840000	1.9201316
440000	840000	1.5158039
450000	840000	0.5666706
460000	840000	0.8175622
470000	840000	0.8552367
480000	840000	1.1599361
500000	840000	2.5066185
510000	840000	0.54499394
520000	840000	0.48058334
530000	840000	1.6499721
540000	840000	1.5880951
550000	840000	0.782551
560000	840000	1.9962606
570000	840000	1.2565302
580000	840000	5.991063
590000	840000	0.81891215
600000	840000	1.9719521
610000	840000	1.200202
620000	840000	1.0739405
630000	840000	0.41835535
640000	840000	2.6382778
650000	840000	1.062587
660000	840000	2.113016
670000	840000	2.1051753
680000	840000	0.80239224
690000	840000	1.4347608
700000	840000	1.5829934
710000	840000	1.7265625
720000	840000	0.46541715
730000	840000	1.5411677
740000	840000	1.3058512
750000	840000	3.0494676
760000	840000	2.21716
770000	840000	1.1379346
780000	840000	1.5791565
790000	840000	1.3234155
800000	840000	0.9222838
810000	840000	1.3326472
820000	840000	1.5299702
830000	840000	1.5639081
840000	840000	1.2922723
190000	850000	1.8538715
200000	850000	2.0991118
210000	850000	1.0920706
220000	850000	1.3623282
240000	850000	1.5439105
260000	850000	1.1623131
290000	850000	0.98799443
300000	850000	1.0244793
320000	850000	1.4083987
380000	850000	4.2047143
390000	850000	1.9030181
400000	850000	1.8816313
420000	850000	0.7740471
430000	850000	1.7226527
440000	850000	1.0274609
450000	850000	0.7662246
460000	850000	1.1051362
470000	850000	1.1561729
480000	850000	1.5652292
510000	850000	0.7392998
520000	850000	2.5966456
530000	850000	2.8000603
540000	850000	0.71776026
560000	850000	1.3606002
570000	850000	2.8369856
580000	850000	1.8787143
590000	850000	0.55576426
600000	850000	2.6834683
620000	850000	0.97786665
630000	850000	1.7131069
640000	850000	0.8987553
650000	850000	1.9423307
660000	850000	1.4418385
670000	850000	1.4474441
680000	850000	0.7350168
690000	850000	1.3179057
700000	850000	1.0946771
710000	850000	1.3600117
720000	850000	1.627779
730000	850000	1.0708767
740000	850000	1.2276138
750000	850000	0.5743014
760000	850000	0.73170656
770000	850000	1.4057949
780000	850000	1.7348555
790000	850000	1.8399361
800000	850000	1.7877373
810000	850000	1.381232
820000	850000	1.8147585
830000	850000	1.2068547
840000	850000	1.2314274
850000	850000	1.6803849
190000	860000	0.8694099
220000	860000	1.2799785
230000	860000	1.167656
240000	860000	1.4462951
260000	860000	1.0955731
280000	860000	0.9568679
290000	860000	0.92822325
320000	860000	1.3262181
370000	860000	2.0656173
380000	860000	0.79055065
390000	860000	0.90101373
410000	860000	0.9792707
430000	860000	1.6180443
450000	860000	0.7248547
470000	860000	1.0905871
480000	860000	0.73829
490000	860000	1.1821934
500000	860000	1.2749673
510000	860000	1.3908199
520000	860000	0.6145033
530000	860000	1.0557327
540000	860000	3.3999527
550000	860000	1.0018605
560000	860000	1.7129303
570000	860000	0.53972566
580000	860000	0.59199435
600000	860000	1.0166756
610000	860000	2.5877213
620000	860000	1.8591908
630000	860000	1.0884953
640000	860000	0.8560556
650000	860000	0.46172854
660000	860000	0.9195766
670000	860000	0.91896087
680000	860000	2.468604
690000	860000	2.5273113
700000	860000	1.7541772
710000	860000	0.32814232
720000	860000	0.9394804
730000	860000	1.7423842
740000	860000	1.4881063
750000	860000	1.1302431
760000	860000	0.72120166
770000	860000	0.4676332
780000	860000	1.1632315
790000	860000	1.7360417
800000	860000	1.3074814
810000	860000	0.8303589
820000	860000	1.074595
830000	860000	1.4721023
840000	860000	1.655917
850000	860000	1.080703
860000	860000	1.5892708
190000	870000	0.65285915
200000	870000	2.9375174
210000	870000	0.7614573
220000	870000	0.95159185
230000	870000	0.8726275
240000	870000	2.167246
280000	870000	1.4309927
290000	870000	1.3823761
320000	870000	0.99058425
340000	870000	0.85527074
350000	870000	0.7413646
360000	870000	1.5513134
400000	870000	0.66103244
420000	870000	1.0933086
430000	870000	1.2164634
450000	870000	0.5414329
460000	870000	0.78464234
480000	870000	2.2157345
490000	870000	1.3306135
500000	870000	0.47747278
510000	870000	0.5218036
520000	870000	0.9195336
530000	870000	0.79491115
540000	870000	1.0196532
550000	870000	0.75495964
560000	870000	0.3222846
570000	870000	1.6214237
580000	870000	2.687496
600000	870000	1.5336527
610000	870000	0.77982384
620000	870000	0.3510749
630000	870000	2.469194
640000	870000	1.622439
650000	870000	0.699633
660000	870000	0.3477559
670000	870000	3.146771
680000	870000	1.3356817
690000	870000	2.6524098
700000	870000	0.8027167
710000	870000	0.5019079
720000	870000	1.9232205
730000	870000	0.53325874
740000	870000	1.8488545
750000	870000	1.743641
760000	870000	1.1289682
770000	870000	1.8331087
780000	870000	1.385017
790000	870000	0.6944121
800000	870000	2.4297974
810000	870000	1.2421248
820000	870000	1.9423561
830000	870000	1.411477
840000	870000	1.0147107
850000	870000	0.9294709
860000	870000	1.62478
870000	870000	1.0217048
200000	880000	1.5005146
220000	880000	3.863185
230000	880000	0.8826161
270000	880000	1.5169616
290000	880000	1.4062953
300000	880000	0.7290847
310000	880000	1.9819734
320000	880000	1.0076842
330000	880000	0.77703625
380000	880000	0.6028691
390000	880000	1.3710927
400000	880000	0.6724715
420000	880000	0.5518327
430000	880000	1.2365844
440000	880000	1.4746372
450000	880000	1.1006652
460000	880000	2.3921125
490000	880000	0.90549535
500000	880000	0.9748676
510000	880000	1.0634364
520000	880000	0.469352
530000	880000	4.0457296
540000	880000	1.5667628
550000	880000	1.1551265
560000	880000	2.6432664
570000	880000	0.83008254
580000	880000	0.4576726
590000	880000	1.2237097
600000	880000	1.961115
610000	880000	1.6004275
620000	880000	2.878748
630000	880000	1.2686911
640000	880000	1.335244
650000	880000	2.1647751
660000	880000	2.5091176
670000	880000	1.0793328
680000	880000	1.1062249
690000	880000	1.4909863
700000	880000	1.1114119
710000	880000	1.0415651
720000	880000	1.5007799
730000	880000	0.8354044
740000	880000	1.683991
750000	880000	1.1512796
760000	880000	1.5796853
770000	880000	0.39039847
780000	880000	1.4772801
790000	880000	1.4998226
800000	880000	0.99170697
810000	880000	1.2212939
820000	880000	1.7777892
830000	880000	1.8732302
840000	880000	1.3383569
850000	880000	1.4499645
860000	880000	1.6332701
870000	880000	1.8735437
880000	880000	0.9890884
190000	890000	1.9964994
210000	890000	1.1783419
230000	890000	2.6736813
260000	890000	1.2524937
280000	890000	1.0985093
290000	890000	1.0703498
310000	890000	1.4982334
330000	890000	2.3592684
350000	890000	2.2897255
360000	890000	1.1934404
380000	890000	2.7463665
420000	890000	1.6877838
440000	890000	1.1185435
450000	890000	0.84004354
460000	890000	1.2095225
500000	890000	1.4850608
510000	890000	0.81006813
520000	890000	0.71375006
530000	890000	0.616355
540000	890000	0.79334724
550000	890000	1.7658833
560000	890000	1.5088975
570000	890000	1.9050086
580000	890000	0.69933087
590000	890000	0.62199736
600000	890000	1.2050635
610000	890000	0.6108225
620000	890000	1.1021131
630000	890000	1.9406302
640000	890000	1.535768
650000	890000	1.1078141
660000	890000	0.5517182
670000	890000	1.1068419
680000	890000	0.849372
690000	890000	0.7678491
700000	890000	0.85465837
710000	890000	1.2105836
720000	890000	1.9366056
730000	890000	0.43238956
740000	890000	1.124873
750000	890000	2.1461697
760000	890000	0.9339391
770000	890000	1.8342246
780000	890000	0.7825364
790000	890000	1.3926355
800000	890000	1.0655104
810000	890000	1.7357345
820000	890000	1.8989106
830000	890000	2.0451713
840000	890000	1.9790369
850000	890000	1.6212296
860000	890000	2.144918
870000	890000	1.8694898
880000	890000	1.945058
890000	890000	1.6234115
200000	900000	0.84365225
210000	900000	1.7493633
230000	900000	1.9957498
240000	900000	1.2412847
250000	900000	0.84450555
260000	900000	1.873044
270000	900000	0.8601815
280000	900000	0.818955
290000	900000	0.7939194
300000	900000	1.6606227
310000	900000	1.120891
320000	900000	1.1390835
330000	900000	0.88199633
370000	900000	0.89118946
380000	900000	2.0505903
390000	900000	1.5611824
410000	900000	1.6917871
430000	900000	0.7019422
440000	900000	0.83038795
450000	900000	1.8840017
460000	900000	1.8196212
470000	900000	0.94990474
480000	900000	1.2915809
490000	900000	1.0387992
500000	900000	1.1151512
510000	900000	0.6081079
520000	900000	0.5358542
530000	900000	0.46189034
540000	900000	1.786813
550000	900000	0.88127726
560000	900000	1.136718
570000	900000	0.47634733
580000	900000	1.0545267
590000	900000	0.93671364
600000	900000	0.90552783
610000	900000	0.9248099
620000	900000	1.6582717
630000	900000	0.9763253
640000	900000	0.7717591
650000	900000	1.2558054
660000	900000	0.41740063
670000	900000	0.8395381
680000	900000	1.6096073
690000	900000	1.4526498
700000	900000	0.9760404
710000	900000	1.8349859
720000	900000	0.59157366
730000	900000	1.3197787
740000	900000	1.1476314
750000	900000	0.8242046
760000	900000	0.9532785
770000	900000	0.9500324
780000	900000	1.2078643
790000	900000	1.0905883
800000	900000	0.62684506
810000	900000	2.363157
820000	900000	2.487138
830000	900000	1.5124394
840000	900000	1.7951376
850000	900000	1.2216471
860000	900000	1.7833108
870000	900000	1.9797761
880000	900000	1.8674061
890000	900000	1.4980685
900000	900000	1.3118086
190000	910000	0.7768467
200000	910000	3.5093079
210000	910000	1.8318024
230000	910000	1.05163
240000	910000	1.2996651
250000	910000	1.7683345
270000	910000	0.9021861
290000	910000	0.83022594
310000	910000	1.179415
320000	910000	1.1953719
340000	910000	1.0369908
350000	910000	0.8978184
360000	910000	1.8750378
370000	910000	0.9367947
380000	910000	0.7160215
390000	910000	0.8175374
410000	910000	0.88971716
440000	910000	0.87777776
460000	910000	1.9081075
470000	910000	1.0022607
480000	910000	0.67712575
490000	910000	0.54448676
500000	910000	1.7664645
510000	910000	0.6405216
520000	910000	0.5642472
530000	910000	0.97282124
540000	910000	1.2521588
550000	910000	1.3920729
560000	910000	0.79573214
570000	910000	2.0134475
580000	910000	1.1096072
590000	910000	0.49531937
610000	910000	2.4369574
620000	910000	0.8804338
630000	910000	0.51514286
660000	910000	0.88493395
670000	910000	2.2273057
680000	910000	1.3700246
690000	910000	2.4713058
700000	910000	1.0360397
710000	910000	1.6330484
720000	910000	0.6288982
730000	910000	1.0603117
740000	910000	0.30709442
750000	910000	1.4743737
760000	910000	1.2837913
770000	910000	1.0201511
780000	910000	1.0969269
790000	910000	2.0239105
800000	910000	1.3771373
810000	910000	0.65003604
820000	910000	2.1549892
830000	910000	2.3773065
840000	910000	1.5362561
850000	910000	3.0532184
860000	910000	1.4913616
870000	910000	1.1396255
880000	910000	1.3561431
890000	910000	1.3362856
900000	910000	1.2780628
910000	910000	1.1152385
180000	920000	8.911678
190000	920000	1.6504178
200000	920000	1.8703754
210000	920000	1.9344262
230000	920000	2.2238774
240000	920000	1.3908937
260000	920000	3.1166408
270000	920000	1.9117969
280000	920000	1.8343614
290000	920000	1.7730262
320000	920000	1.2772677
360000	920000	0.9990466
390000	920000	0.8696643
420000	920000	2.8313236
450000	920000	0.70198995
470000	920000	1.0672793
480000	920000	0.72551364
490000	920000	1.1594995
500000	920000	1.253646
510000	920000	1.3737866
530000	920000	1.0402346
540000	920000	0.6695286
550000	920000	0.99064463
560000	920000	2.1273582
570000	920000	1.6102103
580000	920000	0.5953487
590000	920000	1.0585284
600000	920000	0.5135796
610000	920000	2.0910547
630000	920000	1.1109749
640000	920000	1.3131621
650000	920000	0.47576696
660000	920000	0.4750808
670000	920000	0.95905423
680000	920000	1.4763975
690000	920000	1.6687855
700000	920000	2.6102035
710000	920000	1.4082289
730000	920000	1.907785
740000	920000	0.66811115
750000	920000	0.3205108
760000	920000	1.1193961
770000	920000	0.8370781
780000	920000	0.4784531
790000	920000	1.679844
800000	920000	2.270865
810000	920000	1.9336096
820000	920000	2.9237916
830000	920000	1.1525868
840000	920000	1.7515329
850000	920000	1.6509914
860000	920000	1.3738298
870000	920000	2.5417442
880000	920000	1.4053003
890000	920000	1.7157664
900000	920000	0.87890565
910000	920000	1.6507711
920000	920000	1.0685867
210000	930000	1.0933849
220000	930000	2.725702
230000	930000	1.2539164
250000	930000	1.0669549
270000	930000	1.0777866
290000	930000	2.0026743
310000	930000	1.4033483
340000	930000	1.2437205
350000	930000	1.0761479
380000	930000	1.7256932
390000	930000	0.98449874
410000	930000	1.0696433
420000	930000	1.6002469
430000	930000	0.88939923
460000	930000	1.1485047
480000	930000	0.8193256
490000	930000	0.6587647
500000	930000	1.415604
510000	930000	0.7754684
520000	930000	2.0591516
530000	930000	0.58998847
560000	930000	0.48164976
570000	930000	0.6087074
580000	930000	0.67323387
590000	930000	0.6023075
600000	930000	0.58198065
610000	930000	1.190784
620000	930000	2.6798394
630000	930000	2.522196
650000	930000	0.54068774
660000	930000	1.6247422
670000	930000	1.092052
680000	930000	1.6854669
690000	930000	1.1443009
700000	930000	1.2817553
710000	930000	0.80626523
720000	930000	1.1694793
730000	930000	0.87765974
740000	930000	1.5298167
750000	930000	0.73949116
760000	930000	0.6451674
770000	930000	0.3225207
780000	930000	1.6653838
790000	930000	1.7267586
800000	930000	1.7767649
810000	930000	0.8453497
820000	930000	1.4242022
830000	930000	1.820985
840000	930000	2.1013439
850000	930000	1.9962415
860000	930000	1.9293838
870000	930000	2.0751677
880000	930000	2.3906753
890000	930000	2.14215
900000	930000	1.718455
910000	930000	1.5884793
920000	930000	1.5945866
930000	930000	1.2941473
190000	940000	1.6942607
200000	940000	2.8834653
210000	940000	0.9971218
260000	940000	1.0762762
300000	940000	1.899815
330000	940000	1.0096117
340000	940000	1.1409017
360000	940000	1.0280538
380000	940000	0.78937966
390000	940000	2.69915
420000	940000	1.4611443
440000	940000	0.9696213
490000	940000	1.2044932
500000	940000	1.3021606
510000	940000	1.4177313
520000	940000	0.62729955
530000	940000	2.7159116
550000	940000	0.51568675
560000	940000	0.8843977
590000	940000	2.2054937
600000	940000	1.0723023
610000	940000	1.6385437
620000	940000	0.98832417
640000	940000	0.9199513
650000	940000	0.50054103
660000	940000	0.9965027
670000	940000	2.0155895
690000	940000	2.115048
700000	940000	1.1858414
710000	940000	0.37392846
720000	940000	0.3613591
730000	940000	0.4060943
740000	940000	0.35608128
750000	940000	0.34268627
760000	940000	1.2050241
770000	940000	0.90288115
780000	940000	1.8180553
790000	940000	1.4191439
800000	940000	1.1088861
810000	940000	1.0708733
820000	940000	0.38403696
830000	940000	3.0517824
840000	940000	0.895863
850000	940000	1.9387639
860000	940000	1.4163845
870000	940000	2.064334
880000	940000	2.1448846
890000	940000	0.93997765
900000	940000	1.5287917
910000	940000	1.7864491
920000	940000	1.0983266
930000	940000	1.8135483
940000	940000	1.2071879
190000	950000	1.6292753
210000	950000	2.8796806
220000	950000	1.2001339
250000	950000	0.93293965
280000	950000	0.9060301
300000	950000	0.9117291
320000	950000	2.5241494
360000	950000	0.9924479
380000	950000	0.7615763
410000	950000	0.944601
450000	950000	0.7024531
460000	950000	1.0145978
480000	950000	0.7232999
500000	950000	1.2561193
510000	950000	0.6880327
520000	950000	0.6050582
540000	950000	1.3545984
550000	950000	1.9986813
560000	950000	0.85667235
570000	950000	0.5403944
580000	950000	0.59767115
590000	950000	1.0682636
600000	950000	0.51788956
610000	950000	0.5309307
620000	950000	1.434983
630000	950000	1.129733
640000	950000	2.6815286
660000	950000	0.4867029
670000	950000	0.9783172
680000	950000	1.5128798
690000	950000	0.34286597
700000	950000	0.38545853
710000	950000	2.1901994
730000	950000	1.9860353
740000	950000	1.390792
750000	950000	1.6832892
760000	950000	0.8838387
770000	950000	1.4828423
780000	950000	0.51146156
790000	950000	1.2010134
800000	950000	0.5494979
810000	950000	1.5867184
820000	950000	1.7324902
830000	950000	0.6512361
840000	950000	2.0368338
850000	950000	0.28033426
860000	950000	1.2095785
870000	950000	2.952111
880000	950000	3.001869
890000	950000	1.4119161
900000	950000	0.39203736
910000	950000	1.8346245
920000	950000	1.6705707
930000	950000	1.8947097
940000	950000	1.0791246
950000	950000	1.1320008
180000	960000	8.9037895
190000	960000	0.8295489
210000	960000	0.978731
220000	960000	1.2256198
240000	960000	1.3952304
250000	960000	1.8935518
280000	960000	0.93180543
290000	960000	1.7926873
300000	960000	1.8630449
320000	960000	1.2917746
330000	960000	0.9966156
340000	960000	1.1143522
350000	960000	1.935215
370000	960000	1.0144632
380000	960000	0.7766849
390000	960000	1.7778252
400000	960000	0.8726888
410000	960000	0.9663011
430000	960000	0.8015853
450000	960000	0.719534
470000	960000	1.090735
500000	960000	0.6382462
520000	960000	0.6230077
530000	960000	0.53598064
540000	960000	2.0786588
550000	960000	1.0298859
560000	960000	0.8805693
570000	960000	1.665906
580000	960000	0.6142173
590000	960000	0.5479181
600000	960000	1.0644394
610000	960000	2.1762004
620000	960000	1.4797864
640000	960000	0.9224977
650000	960000	1.0005001
660000	960000	1.0012558
670000	960000	0.50689304
680000	960000	1.1684886
690000	960000	0.7083643
700000	960000	1.9886314
710000	960000	1.5104828
720000	960000	1.4650649
730000	960000	1.6496469
740000	960000	1.0823425
750000	960000	1.046199
760000	960000	0.30704004
770000	960000	0.92302483
780000	960000	1.8713193
790000	960000	1.4635913
800000	960000	1.438883
810000	960000	0.8341232
820000	960000	1.8154844
830000	960000	1.1543132
840000	960000	1.673609
850000	960000	2.1035695
860000	960000	1.298777
870000	960000	2.3178687
880000	960000	1.64451
890000	960000	1.5722048
900000	960000	0.74368787
910000	960000	0.67584896
920000	960000	2.0475059
930000	960000	1.3135898
940000	960000	1.857165
950000	960000	1.7235715
960000	960000	0.9297394
190000	970000	0.86208993
200000	970000	0.98259085
210000	970000	1.0222944
220000	970000	1.2795088
260000	970000	3.2837257
270000	970000	1.0139714
290000	970000	1.8877058
300000	970000	0.9745324
310000	970000	1.3220927
320000	970000	1.3466963
330000	970000	3.13327
350000	970000	4.0441008
360000	970000	1.0594094
370000	970000	1.0665529
420000	970000	0.7564102
430000	970000	0.8419126
440000	970000	2.003115
450000	970000	0.7529709
480000	970000	2.3306265
510000	970000	0.73259026
520000	970000	1.3055338
530000	970000	1.1301149
560000	970000	1.3937265
580000	970000	1.2924615
590000	970000	0.576531
600000	970000	0.55899173
620000	970000	0.5175187
630000	970000	1.224849
640000	970000	1.9397681
650000	970000	2.114455
660000	970000	1.5850065
680000	970000	2.06627
690000	970000	0.7469003
700000	970000	0.841325
710000	970000	0.79788387
720000	970000	1.5517707
730000	970000	1.7491751
740000	970000	0.38353476
750000	970000	1.1114827
760000	970000	0.6512931
770000	970000	1.6415443
780000	970000	1.4198233
790000	970000	0.22378752
810000	970000	0.5963559
820000	970000	0.86859536
830000	970000	1.9815847
840000	970000	3.38441
850000	970000	3.2504911
860000	970000	1.425491
870000	970000	0.9800839
880000	970000	1.6474475
890000	970000	1.0078434
900000	970000	1.3566198
910000	970000	2.9929192
920000	970000	2.3259258
930000	970000	2.609995
940000	970000	1.7181863
950000	970000	1.2303382
960000	970000	1.8950374
970000	970000	1.0964943
230000	980000	1.3085006
250000	980000	2.220482
270000	980000	1.1270318
280000	980000	1.0849792
300000	980000	2.1954603
310000	980000	1.4795661
330000	980000	1.1647402
390000	980000	1.0411123
420000	980000	0.8483987
430000	980000	0.9432958
440000	980000	2.250571
450000	980000	0.8430611
480000	980000	0.87337357
490000	980000	0.70009905
500000	980000	0.7561281
510000	980000	0.8277079
520000	980000	2.1796336
530000	980000	1.2666508
550000	980000	0.60447425
560000	980000	0.5205404
570000	980000	0.65965605
580000	980000	1.4550675
590000	980000	2.5954804
600000	980000	1.2583803
610000	980000	0.64316726
620000	980000	0.58250093
630000	980000	0.68733805
640000	980000	1.0954406
650000	980000	0.59451467
670000	980000	0.6026691
680000	980000	0.46557003
700000	980000	0.94894123
710000	980000	0.9027317
720000	980000	0.43842062
740000	980000	0.8700546
750000	980000	0.8426404
760000	980000	0.37008756
770000	980000	1.4899224
780000	980000	0.32413378
790000	980000	1.5257069
800000	980000	1.7619008
810000	980000	2.3878968
820000	980000	0.49822292
830000	980000	1.9966307
840000	980000	0.89639497
850000	980000	1.893094
860000	980000	2.30915
870000	980000	0.9205612
880000	980000	1.7221713
890000	980000	2.1000674
900000	980000	1.8314803
910000	980000	1.9211372
920000	980000	2.1746454
930000	980000	0.53207946
940000	980000	1.4924201
950000	980000	1.4746335
960000	980000	1.6002634
970000	980000	0.98675364
980000	980000	1.2095054
190000	990000	1.1615721
200000	990000	1.3165603
210000	990000	1.3649788
220000	990000	1.7170987
230000	990000	1.5744598
240000	990000	1.9616303
260000	990000	1.478634
290000	990000	1.2660345
310000	990000	1.7947713
340000	990000	1.5762496
350000	990000	1.371771
400000	990000	1.2338682
430000	990000	1.1393732
450000	990000	1.0200497
460000	990000	1.4742111
470000	990000	1.5503185
490000	990000	0.8475856
540000	990000	0.98810995
550000	990000	0.7341188
580000	990000	0.88434345
600000	990000	0.7625925
610000	990000	0.77960736
630000	990000	0.83313704
660000	990000	1.4466393
680000	990000	0.56601083
700000	990000	1.1598403
720000	990000	0.53417736
730000	990000	0.6029932
740000	990000	0.5308016
750000	990000	1.0292705
780000	990000	0.39602333
790000	990000	0.93772733
800000	990000	1.2935766
810000	990000	0.8412142
820000	990000	3.6829207
830000	990000	1.7619003
850000	990000	0.9359359
860000	990000	0.41379264
870000	990000	2.2941287
880000	990000	2.4496484
890000	990000	1.8997564
900000	990000	1.8265659
910000	990000	1.7378945
920000	990000	2.3801243
930000	990000	1.6667099
940000	990000	2.0750842
950000	990000	1.2181437
960000	990000	2.1318972
970000	990000	1.8532057
980000	990000	1.5664518
990000	990000	1.3792197
190000	1000000	1.721451
200000	1000000	0.9791807
230000	1000000	1.1682675
240000	1000000	1.4581954
260000	1000000	1.1003222
280000	1000000	2.9081652
320000	1000000	1.3610611
330000	1000000	1.0450515
350000	1000000	1.0177718
380000	1000000	0.81564593
410000	1000000	1.0194851
490000	1000000	1.2652627
500000	1000000	0.6832734
520000	1000000	1.3193523
530000	1000000	1.1412187
550000	1000000	1.0948308
560000	1000000	0.9427129
570000	1000000	1.7804055
590000	1000000	1.1815102
600000	1000000	2.2847273
610000	1000000	1.1675014
620000	1000000	1.0555505
630000	1000000	0.6227544
640000	1000000	2.974338
660000	1000000	1.0870403
670000	1000000	0.5489285
680000	1000000	0.42565924
690000	1000000	0.38622475
700000	1000000	0.43466282
710000	1000000	0.41398013
720000	1000000	1.6033834
730000	1000000	0.45388708
740000	1000000	1.1972731
750000	1000000	0.77586496
760000	1000000	1.0260304
770000	1000000	2.4142506
780000	1000000	0.8982897
790000	1000000	1.1796759
810000	1000000	2.2257428
820000	1000000	0.9351281
830000	1000000	2.1456537
840000	1000000	1.9796176
850000	1000000	0.71703374
860000	1000000	1.5798203
870000	1000000	2.4445002
880000	1000000	2.3047826
890000	1000000	1.187145
900000	1000000	1.2249608
910000	1000000	2.3600714
920000	1000000	0.9501181
930000	1000000	1.5455582
940000	1000000	1.8774655
950000	1000000	1.9619386
960000	1000000	1.7919701
970000	1000000	1.5110778
980000	1000000	2.2001235
990000	1000000	1.0677662
1000000	1000000	1.0951287
200000	1010000	0.9194811
220000	1010000	1.1983454
240000	1010000	1.3711592
250000	1010000	0.93598527
260000	1010000	1.0359881
270000	1010000	0.9551867
280000	1010000	1.8275578
290000	1010000	1.7711458
330000	1010000	0.9924641
340000	1010000	1.1072254
370000	1010000	1.0089165
380000	1010000	0.77286786
390000	1010000	0.8791074
400000	1010000	0.86557645
420000	1010000	0.7197359
430000	1010000	0.8002097
450000	1010000	1.4380335
460000	1010000	1.0409302
480000	1010000	2.225456
540000	1010000	2.0909367
550000	1010000	1.027375
560000	1010000	0.8908233
570000	1010000	1.6928163
580000	1010000	2.4915144
590000	1010000	1.6741898
600000	1010000	1.0871128
610000	1010000	0.5540778
620000	1010000	0.5007973
630000	1010000	2.3639114
640000	1010000	1.4087119
650000	1010000	2.049508
660000	1010000	2.571469
680000	1010000	0.40361187
690000	1010000	0.36807713
700000	1010000	2.0685432
710000	1010000	1.1796318
720000	1010000	0.3835647
740000	1010000	0.7613755
750000	1010000	1.108865
760000	1010000	1.9602356
770000	1010000	2.6385417
780000	1010000	1.435403
790000	1010000	1.1303126
800000	1010000	1.2528704
810000	1010000	1.2239813
820000	1010000	0.6718838
830000	1010000	0.7766983
840000	1010000	2.1821923
850000	1010000	1.3870229
860000	1010000	0.920267
870000	1010000	1.2902236
880000	1010000	1.234581
890000	1010000	0.5790436
900000	1010000	1.8188243
910000	1010000	1.9500198
920000	1010000	1.3353207
930000	1010000	2.150094
940000	1010000	2.4131083
950000	1010000	2.1994963
960000	1010000	2.1944735
970000	1010000	2.458383
980000	1010000	0.7713248
990000	1010000	1.8141127
1000000	1010000	1.2526621
1010000	1010000	1.0780888
