175000	175000	712.3017
175000	200000	160.21942
200000	200000	367.3638
175000	225000	75.07034
200000	225000	167.12917
225000	225000	434.66898
175000	250000	66.70512
200000	250000	87.52663
225000	250000	174.26886
250000	250000	385.275
175000	275000	53.895267
200000	275000	86.1879
225000	275000	95.53593
250000	275000	152.52248
275000	275000	337.42908
175000	300000	50.609745
200000	300000	73.34624
225000	300000	76.89595
250000	300000	105.4474
275000	300000	166.48036
300000	300000	438.61923
175000	325000	44.117218
200000	325000	78.390114
225000	325000	72.55149
250000	325000	86.1356
275000	325000	103.4661
300000	325000	172.85208
325000	325000	453.80536
175000	350000	73.934654
200000	350000	74.27544
225000	350000	78.2791
250000	350000	77.07826
275000	350000	78.32269
300000	350000	89.56841
325000	350000	128.98744
350000	350000	359.40378
175000	375000	51.612026
200000	375000	53.57639
225000	375000	52.441055
250000	375000	64.32042
275000	375000	68.151695
300000	375000	63.649273
325000	375000	64.03394
350000	375000	147.27322
375000	375000	405.0281
175000	400000	47.27165
200000	400000	51.138187
225000	400000	45.728825
250000	400000	39.85177
275000	400000	46.256542
300000	400000	54.47388
325000	400000	42.70604
350000	400000	84.5009
375000	400000	141.26091
400000	400000	379.34744
175000	425000	37.442448
200000	425000	44.35332
225000	425000	35.69549
250000	425000	42.34133
275000	425000	37.06108
300000	425000	43.679802
325000	425000	41.605312
350000	425000	65.12778
375000	425000	87.83167
400000	425000	160.15134
425000	425000	431.5738
175000	450000	44.733753
200000	450000	45.306797
225000	450000	33.051117
250000	450000	38.09482
275000	450000	43.103394
300000	450000	41.239452
325000	450000	43.671383
350000	450000	46.342926
375000	450000	71.8152
400000	450000	96.67613
425000	450000	134.5958
450000	450000	424.45618
175000	475000	35.14815
200000	475000	49.00185
225000	475000	32.86385
250000	475000	37.906143
275000	475000	36.865543
300000	475000	42.580357
325000	475000	30.901398
350000	475000	51.35097
375000	475000	52.621178
400000	475000	69.38677
425000	475000	99.25862
450000	475000	163.52036
475000	475000	409.23364
175000	500000	53.075024
200000	500000	45.132576
225000	500000	43.370308
250000	500000	25.19758
275000	500000	46.86745
300000	500000	33.007767
325000	500000	37.913094
350000	500000	44.51106
375000	500000	58.360416
400000	500000	56.327282
425000	500000	58.735764
450000	500000	101.59916
475000	500000	178.41058
500000	500000	366.13052
175000	525000	21.657228
200000	525000	38.029133
225000	525000	30.970146
250000	525000	36.51571
275000	525000	25.013702
300000	525000	25.44624
325000	525000	28.210752
350000	525000	33.434467
375000	525000	27.736225
400000	525000	42.15839
425000	525000	48.914932
450000	525000	51.673542
475000	525000	72.78041
500000	525000	118.08207
525000	525000	395.75262
175000	550000	18.624521
200000	550000	28.68074
225000	550000	22.934256
250000	550000	27.078827
275000	550000	22.008919
300000	550000	19.077442
325000	550000	14.043172
350000	550000	22.152927
375000	550000	29.35354
400000	550000	37.03586
425000	550000	24.394575
450000	550000	38.971054
475000	550000	43.484436
500000	550000	65.418846
525000	550000	131.26006
550000	550000	355.70782
175000	575000	6.4013863
200000	575000	17.061548
225000	575000	18.308147
250000	575000	19.146227
275000	575000	14.663743
300000	575000	16.720499
325000	575000	21.948977
350000	575000	21.221306
375000	575000	20.271912
400000	575000	25.93936
425000	575000	28.459717
450000	575000	27.81964
475000	575000	26.061954
500000	575000	55.011703
525000	575000	68.927
550000	575000	126.763725
575000	575000	383.76663
175000	600000	3.7523472
200000	600000	18.001966
225000	600000	12.520456
250000	600000	11.690712
275000	600000	17.054668
300000	600000	9.608997
325000	600000	14.295546
350000	600000	16.41316
375000	600000	21.455297
400000	600000	18.583965
425000	600000	16.008402
450000	600000	25.36682
475000	600000	30.389584
500000	600000	31.478834
525000	600000	56.5029
550000	600000	82.35269
575000	600000	160.23785
600000	600000	341.21017
175000	625000	7.7067676
200000	625000	13.693846
225000	625000	10.102388
250000	625000	13.606233
275000	625000	15.412221
300000	625000	9.867731
325000	625000	12.845412
350000	625000	9.758219
375000	625000	13.558774
400000	625000	17.34942
425000	625000	20.76562
450000	625000	22.328445
475000	625000	22.773304
500000	625000	23.653494
525000	625000	37.358116
550000	625000	54.873753
575000	625000	86.270226
600000	625000	163.8831
625000	625000	387.0805
175000	650000	6.8524113
200000	650000	11.688744
225000	650000	6.859332
250000	650000	10.247611
275000	650000	13.454496
300000	650000	7.3700047
325000	650000	12.7267
350000	650000	17.037378
375000	650000	17.17934
400000	650000	12.032358
425000	650000	16.617228
450000	650000	11.911896
475000	650000	19.79873
500000	650000	23.555075
525000	650000	36.467667
550000	650000	50.97179
575000	650000	56.251423
600000	650000	88.26188
625000	650000	157.33466
650000	650000	370.412
175000	675000	8.857493
200000	675000	11.213698
225000	675000	11.083049
250000	675000	11.038467
275000	675000	8.454159
300000	675000	11.9081745
325000	675000	10.281659
350000	675000	7.646764
375000	675000	11.687463
400000	675000	21.68467
425000	675000	17.153837
450000	675000	12.831193
475000	675000	15.267973
500000	675000	23.10749
525000	675000	36.313057
550000	675000	42.848568
575000	675000	70.9209
600000	675000	67.94165
625000	675000	82.20551
650000	675000	154.78387
675000	675000	334.054
175000	700000	6.3237686
200000	700000	12.809553
225000	700000	7.234463
250000	700000	11.821298
275000	700000	8.967488
300000	700000	4.858165
325000	700000	8.131065
350000	700000	13.975997
375000	700000	17.522848
400000	700000	8.541614
425000	700000	22.150928
450000	700000	11.909006
475000	700000	13.288232
500000	700000	26.395987
525000	700000	28.958347
550000	700000	51.489147
575000	700000	46.406
600000	700000	69.92641
625000	700000	71.809265
650000	700000	85.87993
675000	700000	153.72601
700000	700000	367.52356
175000	725000	9.543606
200000	725000	8.902766
225000	725000	12.794524
250000	725000	6.6901054
275000	725000	9.109029
300000	725000	10.997654
325000	725000	11.07809
350000	725000	11.534729
375000	725000	11.805739
400000	725000	16.113373
425000	725000	10.446685
450000	725000	19.009531
475000	725000	11.750464
500000	725000	30.023369
525000	725000	28.052542
550000	725000	37.17397
575000	725000	34.868763
600000	725000	54.359776
625000	725000	72.19837
650000	725000	74.651054
675000	725000	80.198364
700000	725000	170.03119
725000	725000	349.79022
175000	750000	9.397982
200000	750000	8.140712
225000	750000	9.239483
250000	750000	4.392015
275000	750000	8.970036
300000	750000	9.927356
325000	750000	11.748209
350000	750000	9.736048
375000	750000	10.850558
400000	750000	11.107251
425000	750000	14.243927
450000	750000	11.912389
475000	750000	16.971045
500000	750000	17.306486
525000	750000	29.805374
550000	750000	43.101482
575000	750000	43.103523
600000	750000	52.816574
625000	750000	43.977345
650000	750000	51.614784
675000	750000	57.49353
700000	750000	78.66638
725000	750000	135.46663
750000	750000	376.73648
175000	775000	10.232276
200000	775000	14.18143
225000	775000	8.779381
250000	775000	5.1007047
275000	775000	8.929225
300000	775000	7.8608327
325000	775000	8.771069
350000	775000	7.0669026
375000	775000	10.801191
400000	775000	8.292538
425000	775000	9.64968
450000	775000	8.893643
475000	775000	14.782103
500000	775000	20.09904
525000	775000	26.594244
550000	775000	39.08504
575000	775000	27.36257
600000	775000	41.65249
625000	775000	37.028267
650000	775000	43.59511
675000	775000	52.279186
700000	775000	59.719196
725000	775000	85.38261
750000	775000	152.97847
775000	775000	329.55783
175000	800000	5.46702
200000	800000	10.491259
225000	800000	12.508666
250000	800000	6.131844
275000	800000	7.1562157
300000	800000	6.719964
325000	800000	4.686309
350000	800000	6.7964168
375000	800000	9.377853
400000	800000	8.1228285
425000	800000	9.574952
450000	800000	12.671466
475000	800000	17.2319
500000	800000	12.081092
525000	800000	25.035051
550000	800000	28.026932
575000	800000	28.559204
600000	800000	31.887156
625000	800000	29.33474
650000	800000	29.843521
675000	800000	34.6949
700000	800000	40.30417
725000	800000	58.291218
750000	800000	59.27356
775000	800000	142.92914
800000	800000	336.82275
175000	825000	5.5809436
200000	825000	10.114885
225000	825000	10.375077
250000	825000	6.955135
275000	825000	7.9141173
300000	825000	6.002497
325000	825000	9.567927
350000	825000	4.625362
375000	825000	7.364055
400000	825000	6.0306144
425000	825000	6.0150633
450000	825000	9.701638
475000	825000	8.062534
500000	825000	8.221894
525000	825000	24.866016
550000	825000	22.439974
575000	825000	25.683577
600000	825000	24.413723
625000	825000	22.285416
650000	825000	25.263998
675000	825000	41.420914
700000	825000	33.600967
725000	825000	35.574184
750000	825000	46.496174
775000	825000	76.00507
800000	825000	150.5789
825000	825000	334.6667
175000	850000	2.95778
200000	850000	5.518338
225000	850000	7.401918
250000	850000	2.764554
275000	850000	4.0329924
300000	850000	6.816845
325000	850000	4.225663
350000	850000	4.0855703
375000	850000	5.8541865
400000	850000	2.99634
425000	850000	2.9886134
450000	850000	7.498254
475000	850000	2.9133885
500000	850000	9.077973
525000	850000	10.982045
550000	850000	20.812231
575000	850000	20.233673
600000	850000	9.883765
625000	850000	11.072617
650000	850000	12.798668
675000	850000	22.270342
700000	850000	19.079775
725000	850000	19.710531
750000	850000	42.195156
775000	850000	49.248734
800000	850000	72.263084
825000	850000	115.4644
850000	850000	404.77048
175000	875000	4.7941093
200000	875000	4.472192
225000	875000	5.998689
250000	875000	6.7213793
275000	875000	4.575805
300000	875000	3.6830215
325000	875000	7.7052984
350000	875000	2.483282
375000	875000	3.9536424
400000	875000	4.0471745
425000	875000	4.036738
450000	875000	9.549197
475000	875000	6.29621
500000	875000	8.092705
525000	875000	16.316866
550000	875000	16.866724
575000	875000	14.907132
600000	875000	12.3791485
625000	875000	18.694813
650000	875000	20.744686
675000	875000	18.04841
700000	875000	17.671658
725000	875000	22.22453
750000	875000	26.672842
775000	875000	33.359566
800000	875000	45.832466
825000	875000	68.23183
850000	875000	143.78462
875000	875000	345.39276
175000	900000	1.1973771
200000	900000	4.4678993
225000	900000	5.992932
250000	900000	5.222722
275000	900000	4.571413
300000	900000	0.9198716
325000	900000	3.4212902
350000	900000	6.61573
375000	900000	3.9498477
400000	900000	10.512554
425000	900000	3.226291
450000	900000	6.0709295
475000	900000	3.9313543
500000	900000	12.494903
525000	900000	8.150602
550000	900000	10.230681
575000	900000	13.4035425
600000	900000	5.092404
625000	900000	14.941496
650000	900000	15.942135
675000	900000	10.947446
700000	900000	9.562961
725000	900000	15.9585495
750000	900000	24.597454
775000	900000	27.971334
800000	900000	38.793015
825000	900000	61.674305
850000	900000	79.13466
875000	900000	135.23613
900000	900000	336.373
200000	925000	5.0322256
225000	925000	9.642686
250000	925000	5.8823876
275000	925000	6.6199036
300000	925000	3.1081731
325000	925000	6.7434893
350000	925000	4.6570883
375000	925000	3.5589924
400000	925000	0.910797
425000	925000	7.267587
450000	925000	7.8145475
475000	925000	5.3134933
500000	925000	4.9669743
525000	925000	8.345527
550000	925000	4.744718
575000	925000	6.709556
600000	925000	8.1937275
625000	925000	7.5729184
650000	925000	12.569015
675000	925000	7.978354
700000	925000	13.256403
725000	925000	12.503807
750000	925000	18.46952
775000	925000	18.098217
800000	925000	31.516146
825000	925000	46.79693
850000	925000	43.59615
875000	925000	64.38157
900000	925000	112.951805
925000	925000	359.56863
175000	950000	1.2751075
200000	950000	1.3594123
225000	950000	1.8234218
250000	950000	2.3836143
275000	950000	4.172723
300000	950000	3.9183488
325000	950000	1.8216956
350000	950000	1.7613012
375000	950000	1.6825044
400000	950000	1.7223077
425000	950000	5.1535993
450000	950000	5.5414605
475000	950000	3.3492537
500000	950000	2.3481243
525000	950000	7.890652
550000	950000	8.972213
575000	950000	6.3438506
600000	950000	10.071265
625000	950000	7.955728
650000	950000	4.2442636
675000	950000	8.915036
700000	950000	10.183762
725000	950000	8.127821
750000	950000	13.824745
775000	950000	19.013079
800000	950000	28.443882
825000	950000	40.098167
850000	950000	41.219936
875000	950000	51.96428
900000	950000	76.388336
925000	950000	131.97864
950000	950000	357.77
200000	975000	2.2571304
225000	975000	1.0091863
250000	975000	4.39743
275000	975000	3.0792325
300000	975000	3.2529585
325000	975000	1.0082308
350000	975000	4.874026
375000	975000	5.5871673
400000	975000	2.8596718
425000	975000	2.8522978
450000	975000	6.133925
475000	975000	4.634173
500000	975000	1.7327824
525000	975000	4.36714
550000	975000	7.0939107
575000	975000	8.777627
600000	975000	8.575409
625000	975000	7.9256816
650000	975000	7.516861
675000	975000	9.868185
700000	975000	6.069838
725000	975000	4.907348
750000	975000	17.71905
775000	975000	8.418343
800000	975000	20.240326
825000	975000	25.25368
850000	975000	44.61302
875000	975000	36.97716
900000	975000	69.77872
925000	975000	88.763
950000	975000	122.390564
975000	975000	330.94833
200000	1000000	2.7922163
225000	1000000	3.7452862
300000	1000000	1.0060301
325000	1000000	0.9354351
375000	1000000	6.911687
400000	1000000	1.7687995
425000	1000000	3.5284767
450000	1000000	5.691046
475000	1000000	2.5797472
500000	1000000	0.80383646
525000	1000000	4.8621907
550000	1000000	4.607204
575000	1000000	7.3294826
600000	1000000	3.1825008
625000	1000000	8.170485
650000	1000000	13.948265
675000	1000000	11.972822
700000	1000000	12.872198
725000	1000000	9.8649
750000	1000000	12.70341
775000	1000000	16.271929
800000	1000000	19.474463
825000	1000000	22.720316
850000	1000000	39.51045
875000	1000000	52.604614
900000	1000000	47.9842
925000	1000000	58.334213
950000	1000000	72.18776
975000	1000000	106.84021
1000000	1000000	343.19318
