180000	180000	0.44105917
180000	190000	9.042583
190000	190000	1.2038314
180000	200000	3.9259233
190000	200000	1.5801501
200000	200000	1.148988
190000	210000	1.44907
200000	210000	1.5813699
210000	210000	1.4284878
180000	220000	2.9209337
190000	220000	1.2590739
200000	220000	2.162949
210000	220000	2.428221
220000	220000	1.2177808
180000	230000	0.8623116
190000	230000	1.979606
200000	230000	2.1353078
210000	230000	1.9550612
220000	230000	1.8668432
230000	230000	1.4193747
180000	240000	2.4784048
190000	240000	1.0523008
200000	240000	2.597523
210000	240000	2.2415729
220000	240000	2.2442644
230000	240000	1.6392324
240000	240000	1.7194172
180000	250000	1.9363577
190000	250000	2.0122175
200000	250000	1.028882
210000	250000	2.338268
220000	250000	2.0062027
230000	250000	2.7054312
240000	250000	1.977562
250000	250000	1.1565905
180000	260000	4.800825
190000	260000	1.6899364
200000	260000	2.7537303
210000	260000	2.896665
220000	260000	1.5514233
230000	260000	1.9377222
240000	260000	1.8526459
250000	260000	2.3663597
260000	260000	1.1944976
180000	270000	1.2055699
190000	270000	1.3955059
200000	270000	2.3890488
210000	270000	1.468969
220000	270000	2.0308948
230000	270000	2.019057
240000	270000	2.8626523
250000	270000	1.4128011
260000	270000	1.7752149
270000	270000	1.040964
180000	280000	1.2508363
190000	280000	2.020869
200000	280000	2.768932
210000	280000	2.673358
220000	280000	2.474688
230000	280000	1.6380882
240000	280000	2.111298
250000	280000	2.8709958
260000	280000	2.5680094
270000	280000	1.7370307
280000	280000	1.1884193
180000	290000	1.3118539
190000	290000	2.3769488
200000	290000	3.4685006
210000	290000	2.623973
220000	290000	2.5794396
230000	290000	2.321621
240000	290000	2.4467094
250000	290000	2.0236096
260000	290000	1.7830288
270000	290000	2.394763
280000	290000	2.304231
290000	290000	1.1517211
190000	300000	2.2799318
200000	300000	2.798348
210000	300000	3.3610048
220000	300000	1.8432591
230000	300000	3.0653214
240000	300000	3.1296887
250000	300000	2.3592246
260000	300000	2.4712002
270000	300000	1.782061
280000	300000	2.2612739
290000	300000	1.7334378
300000	300000	1.3805965
180000	310000	4.6281104
190000	310000	1.6870222
200000	310000	3.6974797
210000	310000	2.4012957
220000	310000	1.7740132
230000	310000	2.8144517
240000	310000	1.3519217
250000	310000	2.2108192
260000	310000	2.3677137
270000	310000	2.2632778
280000	310000	2.6077611
290000	310000	2.407155
300000	310000	1.6331863
310000	310000	1.5551715
190000	320000	2.2231562
200000	320000	3.4156868
210000	320000	3.0557568
220000	320000	2.1701007
230000	320000	2.2774844
240000	320000	2.9517756
250000	320000	2.452683
260000	320000	2.2960482
270000	320000	2.8080263
280000	320000	2.3015995
290000	320000	1.83986
300000	320000	2.3486462
310000	320000	1.2372297
320000	320000	1.7418677
190000	330000	1.4075989
200000	330000	3.115968
210000	330000	3.8675787
220000	330000	1.7424309
230000	330000	3.0762317
240000	330000	2.4113903
250000	330000	2.9630382
260000	330000	2.41081
270000	330000	2.0044827
280000	330000	2.7226515
290000	330000	2.3717315
300000	330000	2.2541401
310000	330000	1.9209365
320000	330000	2.2172847
330000	330000	1.4270265
180000	340000	4.3420167
190000	340000	3.2083423
200000	340000	4.443995
210000	340000	3.0451133
220000	340000	2.2589557
230000	340000	2.8486319
240000	340000	3.0990365
250000	340000	2.938593
260000	340000	3.255801
270000	340000	1.618209
280000	340000	2.5216644
290000	340000	2.5481205
300000	340000	3.0161
310000	340000	2.6286273
320000	340000	2.8689203
330000	340000	1.7734252
340000	340000	1.7519734
180000	350000	2.115124
190000	350000	4.110377
200000	350000	4.7896876
210000	350000	2.527508
220000	350000	3.724776
230000	350000	3.5278907
240000	350000	3.3644314
250000	350000	4.243097
260000	350000	1.939161
270000	350000	2.155184
280000	350000	3.208708
290000	350000	2.5765219
300000	350000	2.6787734
310000	350000	2.1167088
320000	350000	2.0775135
330000	350000	1.4625796
340000	350000	2.0141544
350000	350000	1.2739335
180000	360000	6.8906946
190000	360000	4.464092
200000	360000	5.4486775
210000	360000	2.7606454
220000	360000	2.1722798
230000	360000	5.4470835
240000	360000	2.47723
250000	360000	2.4558957
260000	360000	3.2570012
270000	360000	2.2454548
280000	360000	2.1653812
290000	360000	2.6912014
300000	360000	3.019444
310000	360000	2.0386713
320000	360000	1.7238473
330000	360000	1.0549806
340000	360000	1.4971396
350000	360000	1.1671604
360000	360000	1.306963
190000	370000	2.9993417
200000	370000	3.0857365
210000	370000	6.0045743
220000	370000	4.4462924
230000	370000	1.700888
240000	370000	2.0479124
250000	370000	2.9368436
260000	370000	2.888979
270000	370000	2.9317489
280000	370000	2.8185596
290000	370000	1.8772094
300000	370000	1.0507054
310000	370000	1.9730594
320000	370000	2.1119473
330000	370000	1.4750512
340000	370000	0.9760356
350000	370000	1.9150898
360000	370000	1.8521409
370000	370000	1.4731556
180000	380000	4.2666364
190000	380000	2.7745893
200000	380000	2.8812716
210000	380000	2.1174388
220000	380000	2.8160188
230000	380000	3.1947968
240000	380000	3.2585695
250000	380000	3.5594933
260000	380000	2.3214486
270000	380000	2.3970273
280000	380000	3.33992
290000	380000	2.2932465
300000	380000	2.5397477
310000	380000	1.0097059
320000	380000	1.2624846
330000	380000	1.1959269
340000	380000	1.4349442
350000	380000	1.4233346
360000	380000	1.9778007
370000	380000	2.1759713
380000	380000	1.3050171
180000	390000	2.6228669
190000	390000	3.408673
200000	390000	3.5411038
210000	390000	1.1605344
220000	390000	1.8943896
230000	390000	3.3403738
240000	390000	1.8371563
250000	390000	2.9467106
260000	390000	2.3787756
270000	390000	2.543853
280000	390000	1.683036
290000	390000	3.110398
300000	390000	3.0518813
310000	390000	1.8332857
320000	390000	0.9507835
330000	390000	1.928812
340000	390000	1.229212
350000	390000	1.0973256
360000	390000	2.2680848
370000	390000	1.7038131
380000	390000	1.5569863
390000	390000	1.5170134
180000	400000	2.4847841
190000	400000	3.4918852
200000	400000	4.424066
210000	400000	3.0502532
220000	400000	1.816727
230000	400000	2.0387614
240000	400000	3.8838465
250000	400000	1.8948674
260000	400000	2.297126
270000	400000	1.1261718
280000	400000	1.4363552
290000	400000	1.3331596
300000	400000	1.8106986
310000	400000	2.088424
320000	400000	1.438371
330000	400000	1.1531639
340000	400000	0.96356905
350000	400000	1.7158221
360000	400000	2.5685318
370000	400000	2.8613217
380000	400000	2.0349002
390000	400000	1.8582598
400000	400000	1.3943933
180000	410000	6.1965714
190000	410000	2.3123283
200000	410000	2.9349785
210000	410000	3.472154
220000	410000	3.413536
230000	410000	2.1964347
240000	410000	1.3314809
250000	410000	2.0881345
260000	410000	1.61333
270000	410000	3.4207835
280000	410000	1.5715519
290000	410000	3.1649451
300000	410000	2.5832715
310000	410000	3.3832514
320000	410000	0.6263607
330000	410000	1.9598004
340000	410000	1.2943316
350000	410000	1.0848091
360000	410000	1.656443
370000	410000	1.6108881
380000	410000	1.3759469
390000	410000	1.2303497
400000	410000	1.1899517
410000	410000	1.2963005
180000	420000	2.3654904
190000	420000	2.214724
200000	420000	3.234625
210000	420000	2.941093
220000	420000	2.6265616
230000	420000	3.663206
240000	420000	0.34279916
250000	420000	3.456395
260000	420000	2.2474742
270000	420000	2.6574426
280000	420000	2.4445326
290000	420000	1.9096944
300000	420000	1.8263277
310000	420000	2.6694884
320000	420000	0.7482535
330000	420000	2.6221821
340000	420000	1.0513546
350000	420000	2.2386353
360000	420000	1.1154934
370000	420000	1.2767749
380000	420000	2.5099382
390000	420000	1.6354072
400000	420000	1.9751674
410000	420000	2.2877672
420000	420000	1.2073057
180000	430000	2.576162
190000	430000	3.1124945
200000	430000	3.5093768
210000	430000	2.8885515
220000	430000	2.5456462
230000	430000	2.7630548
240000	430000	1.4945022
250000	430000	2.2680185
260000	430000	2.1850417
270000	430000	1.6987345
280000	430000	2.2407775
290000	430000	1.4721256
300000	430000	1.8030723
310000	430000	1.4846021
320000	430000	1.3932762
330000	430000	1.9712898
340000	430000	1.5934415
350000	430000	2.5747375
360000	430000	1.9556638
370000	430000	2.4348977
380000	430000	1.7705677
390000	430000	2.6678464
400000	430000	1.9921356
410000	430000	1.6642797
420000	430000	2.4431803
430000	430000	1.262549
180000	440000	6.742141
190000	440000	2.5279176
200000	440000	1.0609848
210000	440000	3.797885
220000	440000	4.166082
230000	440000	2.0283163
240000	440000	1.4799346
250000	440000	1.6642807
260000	440000	0.3619907
270000	440000	3.2166271
280000	440000	1.1903077
290000	440000	1.9623872
300000	440000	2.1055222
310000	440000	0.79930526
320000	440000	1.5024321
330000	440000	2.1351864
340000	440000	1.0887814
350000	440000	1.8916271
360000	440000	2.2715287
370000	440000	2.8021777
380000	440000	1.5984335
390000	440000	0.83150095
400000	440000	2.4682784
410000	440000	2.2884924
420000	440000	1.7800834
430000	440000	2.1566398
440000	440000	1.6049986
180000	450000	5.233521
190000	450000	4.173864
200000	450000	2.7715163
210000	450000	4.136119
220000	450000	1.9514731
230000	450000	2.5228837
240000	450000	1.9352262
250000	450000	1.5657208
260000	450000	1.7034248
270000	450000	2.784472
280000	450000	2.810448
290000	450000	3.0948317
300000	450000	1.4284817
310000	450000	2.8502676
320000	450000	2.4015372
330000	450000	1.9225508
340000	450000	1.5317783
350000	450000	1.9186771
360000	450000	2.6011891
370000	450000	1.2487557
380000	450000	2.016505
390000	450000	1.283687
400000	450000	2.1925988
410000	450000	2.4811385
420000	450000	1.989544
430000	450000	1.9157715
440000	450000	1.7032437
450000	450000	1.2585372
190000	460000	2.9002016
200000	460000	2.4577506
210000	460000	2.6423988
220000	460000	1.9250726
230000	460000	3.2782452
240000	460000	1.7170272
250000	460000	1.94727
260000	460000	4.657186
270000	460000	2.6434748
280000	460000	2.1035252
290000	460000	1.6547284
300000	460000	1.4284283
310000	460000	1.9072932
320000	460000	1.3574808
330000	460000	2.5980196
340000	460000	1.9989009
350000	460000	0.29340786
360000	460000	0.57356536
370000	460000	3.0531662
380000	460000	2.3279865
390000	460000	3.422741
400000	460000	1.5061634
410000	460000	2.1960495
420000	460000	1.8840576
430000	460000	1.283494
440000	460000	1.2334421
450000	460000	1.6691898
460000	460000	1.4200114
180000	470000	4.911702
190000	470000	0.9191666
200000	470000	5.173141
210000	470000	3.3403075
220000	470000	2.4544165
230000	470000	2.963522
240000	470000	2.907844
250000	470000	1.4777149
260000	470000	2.1617377
270000	470000	1.4450289
280000	470000	1.7893792
290000	470000	0.84743786
300000	470000	1.3717862
310000	470000	1.8351549
320000	470000	2.3308039
330000	470000	1.2560467
340000	470000	2.1659386
350000	470000	2.292367
360000	470000	3.3758585
370000	470000	2.1985533
380000	470000	1.40817
390000	470000	1.8434559
400000	470000	2.318514
410000	470000	1.9500375
420000	470000	1.4522107
430000	470000	1.2936863
440000	470000	1.6688002
450000	470000	2.4758508
460000	470000	2.47707
470000	470000	1.6750265
180000	480000	6.0543585
190000	480000	2.8462005
200000	480000	5.1314564
210000	480000	3.0944667
220000	480000	2.2759771
230000	480000	1.4782218
240000	480000	2.2496564
250000	480000	2.7536414
260000	480000	2.6741545
270000	480000	2.7061398
280000	480000	2.7903638
290000	480000	1.8508114
300000	480000	2.576731
310000	480000	3.0644212
320000	480000	1.8278899
330000	480000	0.52733684
340000	480000	1.6387011
350000	480000	1.70062
360000	480000	3.105178
370000	480000	0.93750775
380000	480000	2.181899
390000	480000	2.1994383
400000	480000	2.544471
410000	480000	2.4233363
420000	480000	1.362599
430000	480000	2.5144248
440000	480000	1.3572621
450000	480000	2.419403
460000	480000	2.2157533
470000	480000	2.225248
480000	480000	1.0734085
180000	490000	5.327522
190000	490000	3.0072176
200000	490000	5.1074767
210000	490000	4.2633367
220000	490000	2.6774828
230000	490000	2.6110184
240000	490000	1.6030961
250000	490000	2.1642225
260000	490000	2.966224
270000	490000	1.8598214
280000	490000	1.990743
290000	490000	3.298546
300000	490000	2.8074853
310000	490000	1.3705404
320000	490000	2.9433475
330000	490000	1.6542549
340000	490000	1.7200147
350000	490000	2.4070566
360000	490000	2.603831
370000	490000	2.1322017
380000	490000	1.8276253
390000	490000	2.5818286
400000	490000	1.7347964
410000	490000	2.1042752
420000	490000	3.3156664
430000	490000	2.896924
440000	490000	2.7408335
450000	490000	2.7152874
460000	490000	3.2579527
470000	490000	1.7283238
480000	490000	2.1743195
490000	490000	1.258563
180000	500000	2.9599204
190000	500000	6.6583123
200000	500000	5.3433437
210000	500000	3.3895888
220000	500000	3.729299
230000	500000	5.434298
240000	500000	1.3358984
250000	500000	0.30316392
260000	500000	1.9797685
270000	500000	2.3729186
280000	500000	3.3195877
290000	500000	2.907795
300000	500000	1.1445307
310000	500000	3.842751
320000	500000	1.8401557
330000	500000	1.8618025
340000	500000	2.4936476
350000	500000	1.9814421
360000	500000	2.2129447
370000	500000	2.4368503
380000	500000	3.0425663
390000	500000	2.5440984
400000	500000	2.5619836
410000	500000	2.0510824
420000	500000	1.8218782
430000	500000	1.474029
440000	500000	1.5279881
450000	500000	2.2318277
460000	500000	3.3398836
470000	500000	2.4663596
480000	500000	2.7993364
490000	500000	2.311599
500000	500000	1.2212591
180000	510000	10.479332
190000	510000	3.2833633
200000	510000	5.929728
210000	510000	2.3994396
220000	510000	5.3053637
230000	510000	3.8696036
240000	510000	1.579381
250000	510000	3.2288945
260000	510000	1.9691557
270000	510000	2.8114042
280000	510000	3.2893023
290000	510000	2.8169072
300000	510000	2.393444
310000	510000	0.9176903
320000	510000	1.7584752
330000	510000	1.2751533
340000	510000	2.3248932
350000	510000	2.9746175
360000	510000	2.0749383
370000	510000	1.7646471
380000	510000	3.0091596
390000	510000	2.3259587
400000	510000	2.464765
410000	510000	2.0279012
420000	510000	2.269668
430000	510000	2.1958423
440000	510000	0.9786351
450000	510000	2.5178676
460000	510000	1.8409529
470000	510000	0.8727071
480000	510000	1.3614999
490000	510000	1.9868761
500000	510000	1.5514822
510000	510000	1.4044209
180000	520000	3.3584862
190000	520000	2.209161
200000	520000	2.1434343
210000	520000	3.4564457
220000	520000	2.549029
230000	520000	4.9818425
240000	520000	2.0355206
250000	520000	3.1091769
260000	520000	2.2775776
270000	520000	3.7579494
280000	520000	2.2218788
290000	520000	2.4249287
300000	520000	1.3189315
310000	520000	3.1260798
320000	520000	1.2826242
330000	520000	2.4812021
340000	520000	1.6211375
350000	520000	2.3233337
360000	520000	3.189463
370000	520000	3.4653335
380000	520000	2.2754002
390000	520000	1.2811189
400000	520000	2.002213
410000	520000	3.5391378
420000	520000	2.284621
430000	520000	2.0566487
440000	520000	3.215091
450000	520000	1.3825732
460000	520000	2.1367342
470000	520000	1.923353
480000	520000	1.7657138
490000	520000	1.5030782
500000	520000	0.8919936
510000	520000	1.4877417
520000	520000	1.5216665
180000	530000	2.9983559
190000	530000	2.2581565
200000	530000	2.235995
210000	530000	3.443776
220000	530000	4.933999
230000	530000	2.5977654
240000	530000	2.742553
250000	530000	3.1063921
260000	530000	1.7001492
270000	530000	1.531594
280000	530000	2.8704555
290000	530000	1.9047111
300000	530000	1.1882415
310000	530000	1.6025168
320000	530000	1.9354755
330000	530000	3.0865285
340000	530000	0.5868852
350000	530000	1.0549456
360000	530000	2.3700714
370000	530000	0.78832686
380000	530000	1.4548441
390000	530000	0.9372141
400000	530000	0.41035637
410000	530000	1.8678755
420000	530000	0.4891119
430000	530000	2.2467887
440000	530000	1.5173575
450000	530000	1.7165544
460000	530000	1.7281511
470000	530000	1.9036268
480000	530000	1.810024
490000	530000	1.0990156
500000	530000	1.5408032
510000	530000	1.2832991
520000	530000	1.9817772
530000	530000	1.1727926
180000	540000	4.2112513
190000	540000	1.1886522
200000	540000	3.1443827
210000	540000	1.4524455
220000	540000	4.2807827
230000	540000	1.5638143
240000	540000	1.9272943
250000	540000	3.5096545
260000	540000	1.9229156
270000	540000	2.58851
280000	540000	1.6186615
290000	540000	1.1606749
300000	540000	2.0963638
310000	540000	2.2699425
320000	540000	2.1839767
330000	540000	1.5977428
340000	540000	1.669623
350000	540000	1.5011812
360000	540000	0.3760081
370000	540000	1.1257194
380000	540000	1.4867555
390000	540000	2.0189266
400000	540000	1.4749945
410000	540000	3.3857207
420000	540000	1.8940666
430000	540000	0.23408854
440000	540000	2.7924352
450000	540000	1.1757634
460000	540000	2.3355012
470000	540000	1.4524262
480000	540000	1.4083382
490000	540000	1.29897
500000	540000	2.05671
510000	540000	1.3133101
520000	540000	1.0011386
530000	540000	1.5516807
540000	540000	1.5483851
190000	550000	2.2937303
200000	550000	3.5734718
210000	550000	3.1570141
220000	550000	2.3255143
230000	550000	1.8932248
240000	550000	3.2544503
250000	550000	3.176788
260000	550000	1.3991659
270000	550000	2.5139844
280000	550000	2.6427395
290000	550000	1.1240495
300000	550000	1.8428798
310000	550000	1.237995
330000	550000	1.4513698
340000	550000	1.5306946
350000	550000	1.1001687
360000	550000	1.6540263
370000	550000	1.3802191
380000	550000	0.87507284
390000	550000	3.2244422
400000	550000	1.3096431
410000	550000	2.006417
420000	550000	0.53065294
430000	550000	1.4011328
440000	550000	1.6788422
450000	550000	1.6350738
460000	550000	0.9920941
470000	550000	2.0226152
480000	550000	1.353288
490000	550000	1.3254946
500000	550000	1.438216
510000	550000	1.9307278
520000	550000	1.4008778
530000	550000	1.9327664
540000	550000	1.1580278
550000	550000	1.3056955
180000	560000	2.6394567
190000	560000	1.494707
200000	560000	3.378019
210000	560000	1.5188981
220000	560000	2.0176172
230000	560000	2.2989483
240000	560000	0.80880207
250000	560000	1.9270965
260000	560000	1.8198626
270000	560000	2.190463
280000	560000	1.7928678
290000	560000	1.4650648
300000	560000	1.8700113
310000	560000	1.4480084
320000	560000	1.3879002
330000	560000	1.014695
340000	560000	0.26640606
350000	560000	1.4493557
360000	560000	0.72577643
370000	560000	2.1811163
380000	560000	1.1562958
390000	560000	1.7481563
400000	560000	2.1193404
410000	560000	1.3333008
420000	560000	1.412135
430000	560000	0.9401323
440000	560000	1.3161076
450000	560000	1.4714262
460000	560000	1.4418272
470000	560000	1.0288461
480000	560000	1.823596
490000	560000	0.98048306
500000	560000	1.121903
510000	560000	1.3962634
520000	560000	1.5266602
530000	560000	2.1590292
540000	560000	1.9304786
550000	560000	1.867125
560000	560000	1.0701361
180000	570000	3.4501684
190000	570000	0.973824
200000	570000	2.213725
210000	570000	1.5883309
220000	570000	2.19645
230000	570000	1.2894701
240000	570000	2.6455765
250000	570000	2.167347
260000	570000	3.1720037
270000	570000	0.7162972
280000	570000	0.33663765
290000	570000	1.9276774
300000	570000	1.4006366
310000	570000	0.94990605
320000	570000	2.2957304
330000	570000	0.9996388
340000	570000	1.7559847
350000	570000	1.9025658
360000	570000	0.32051268
370000	570000	0.6416466
380000	570000	1.5313215
390000	570000	1.7422646
400000	570000	3.0726104
410000	570000	2.9588459
420000	570000	1.467968
430000	570000	1.8869648
440000	570000	1.0149413
450000	570000	1.4462668
460000	570000	1.4679619
470000	570000	1.4097104
480000	570000	1.2593527
490000	570000	0.7473927
500000	570000	1.5932792
510000	570000	2.5276933
520000	570000	1.4572562
530000	570000	2.3099627
540000	570000	1.3696817
550000	570000	1.5068846
560000	570000	1.245115
570000	570000	1.0970157
180000	580000	4.271211
190000	580000	0.8042833
200000	580000	2.2781951
210000	580000	3.4527464
220000	580000	1.088423
230000	580000	2.1286678
240000	580000	1.3126026
250000	580000	1.3437876
260000	580000	1.4792132
270000	580000	0.88744956
280000	580000	0.4173247
290000	580000	1.2006347
300000	580000	0.8733072
310000	580000	1.1800326
320000	580000	1.1418644
330000	580000	0.4178963
340000	580000	0.43721098
350000	580000	1.9808846
360000	580000	1.5950121
370000	580000	0.80566335
380000	580000	0.6404258
390000	580000	1.0933914
400000	580000	1.2898906
410000	580000	1.1180363
420000	580000	1.0585663
430000	580000	1.0623318
440000	580000	0.32177967
450000	580000	1.3873669
460000	580000	1.5668962
470000	580000	1.0882171
480000	580000	0.40884715
490000	580000	1.6305739
500000	580000	1.9479332
510000	580000	1.5309731
520000	580000	1.4287258
530000	580000	1.3135518
540000	580000	1.1458141
550000	580000	1.1668054
560000	580000	1.6303364
570000	580000	1.4790046
580000	580000	1.5402634
190000	590000	0.39112204
200000	590000	1.7738761
210000	590000	0.47856134
220000	590000	1.0621989
230000	590000	2.071795
240000	590000	2.553546
250000	590000	1.3095018
260000	590000	1.9214283
270000	590000	3.4681034
280000	590000	1.6248264
290000	590000	1.1693507
300000	590000	1.281998
310000	590000	2.3121614
320000	590000	1.1144239
330000	590000	1.6329943
340000	590000	2.1539233
350000	590000	1.5499296
360000	590000	1.9570286
370000	590000	0.39373577
380000	590000	1.8952664
390000	590000	1.7962658
400000	590000	1.9079113
410000	590000	1.1062291
420000	590000	0.26187426
430000	590000	1.0532275
440000	590000	2.2415996
450000	590000	0.6911327
460000	590000	0.9447037
470000	590000	0.73005146
480000	590000	0.6198821
490000	590000	0.9981315
500000	590000	0.8346957
510000	590000	1.593068
520000	590000	1.3597047
530000	590000	1.6525612
540000	590000	1.8485011
550000	590000	1.7041308
560000	590000	2.1624484
570000	590000	2.13992
580000	590000	1.6175771
590000	590000	1.3954338
180000	600000	7.559997
190000	600000	0.35845092
200000	600000	2.4399576
210000	600000	1.7566067
220000	600000	0.97165346
230000	600000	0.47657308
240000	600000	0.5858104
250000	600000	2.4018784
260000	600000	0.8826819
270000	600000	0.79638165
280000	600000	1.4966832
290000	600000	1.4308397
300000	600000	0.392405
320000	600000	1.0293878
330000	600000	1.5026405
340000	600000	0.3967811
350000	600000	1.0798837
360000	600000	1.8046565
370000	600000	1.4575473
380000	600000	0.5821901
390000	600000	1.3365195
400000	600000	1.1820822
410000	600000	0.68564975
420000	600000	0.48859227
430000	600000	0.7369751
440000	600000	0.29933435
450000	600000	1.0808021
460000	600000	1.4790372
470000	600000	1.0374889
480000	600000	2.1564744
490000	600000	1.2682881
500000	600000	0.80289507
510000	600000	1.716294
520000	600000	1.3339696
530000	600000	1.8829433
540000	600000	2.1685314
550000	600000	2.4225678
560000	600000	2.2534144
570000	600000	1.8652686
580000	600000	2.0683603
590000	600000	1.7650838
600000	600000	1.0307125
200000	610000	0.4515711
210000	610000	2.9275963
220000	610000	2.1607075
230000	610000	1.5846522
240000	610000	1.3061935
250000	610000	0.8901862
260000	610000	1.4712553
270000	610000	1.3298424
280000	610000	2.9149747
290000	610000	0.79847544
300000	610000	1.7453384
310000	610000	0.5934278
320000	610000	1.1508541
330000	610000	0.84087485
340000	610000	1.7695343
350000	610000	0.40172058
360000	610000	1.2187853
370000	610000	0.4071343
380000	610000	2.6113207
390000	610000	2.2385151
400000	610000	0.99908245
410000	610000	1.9301931
420000	610000	0.55039287
430000	610000	1.3883626
440000	610000	0.6767582
450000	610000	1.2241099
460000	610000	1.3451868
470000	610000	1.9680882
480000	610000	0.45008856
490000	610000	0.91125387
500000	610000	1.1125233
510000	610000	1.2001934
520000	610000	1.0447978
530000	610000	2.2382894
540000	610000	1.571746
550000	610000	0.6631919
560000	610000	1.8893735
570000	610000	2.75646
580000	610000	1.7439114
590000	610000	1.7516159
600000	610000	1.869785
610000	610000	1.160379
190000	620000	0.4040875
200000	620000	1.8193511
210000	620000	1.4841279
220000	620000	1.0959895
230000	620000	2.6812189
240000	620000	1.3218608
250000	620000	0.45307094
260000	620000	1.4935995
270000	620000	3.148216
280000	620000	0.8465438
290000	620000	0.8113784
300000	620000	0.44464687
310000	620000	1.2049748
320000	620000	1.1691262
330000	620000	1.2875345
340000	620000	1.3561933
350000	620000	0.8178942
360000	620000	0.41397047
370000	620000	2.092108
380000	620000	1.3319879
390000	620000	0.38197878
400000	620000	2.3766572
410000	620000	1.9860406
420000	620000	0.8488236
430000	620000	0.57119465
440000	620000	2.4445446
450000	620000	1.0107701
460000	620000	1.7388492
470000	620000	0.40858567
480000	620000	1.4032226
490000	620000	1.3371458
500000	620000	0.38924614
510000	620000	1.4762576
520000	620000	0.7412151
530000	620000	1.6506746
540000	620000	1.7059108
550000	620000	1.2191253
560000	620000	1.8479524
570000	620000	1.1394484
580000	620000	2.6566606
590000	620000	2.1286108
600000	620000	1.8828809
610000	620000	2.005545
620000	620000	1.2599345
190000	630000	0.9745392
200000	630000	2.7750585
210000	630000	2.379993
220000	630000	0.66344017
230000	630000	0.6495879
260000	630000	1.8154521
270000	630000	0.54519
280000	630000	2.051173
290000	630000	0.49239245
300000	630000	0.539526
310000	630000	0.73312634
320000	630000	0.7086744
330000	630000	2.0824473
340000	630000	0.5510257
350000	630000	0.9980073
370000	630000	0.5091113
380000	630000	1.2259513
390000	630000	1.8612492
410000	630000	1.9342023
420000	630000	1.3905251
430000	630000	1.7531248
440000	630000	0.42890036
450000	630000	2.1798272
460000	630000	0.42861673
470000	630000	0.5045307
480000	630000	1.1595224
490000	630000	1.1852046
500000	630000	0.7307389
510000	630000	1.057294
520000	630000	1.6329831
530000	630000	0.76272386
540000	630000	1.6994944
550000	630000	1.8960023
560000	630000	2.5554988
570000	630000	1.8086367
580000	630000	1.7738811
590000	630000	1.7871093
600000	630000	2.1635218
610000	630000	1.9859941
620000	630000	1.4707984
630000	630000	1.4833804
180000	640000	4.07781
190000	640000	0.7662013
200000	640000	1.7421004
210000	640000	0.4724746
220000	640000	3.115558
230000	640000	1.53533
240000	640000	0.63158727
250000	640000	1.727594
260000	640000	1.9035056
270000	640000	1.7249466
280000	640000	0.40452075
290000	640000	2.717374
300000	640000	1.2784058
310000	640000	0.57888603
320000	640000	1.1223408
330000	640000	0.8214413
340000	640000	0.86995214
350000	640000	0.7916302
360000	640000	1.5983114
370000	640000	0.40272465
380000	640000	1.6178482
400000	640000	0.98713815
410000	640000	1.1541069
420000	640000	1.1015893
430000	640000	1.4016922
440000	640000	1.0279772
450000	640000	1.4933064
460000	640000	0.6874608
470000	640000	1.213957
480000	640000	0.6988148
490000	640000	1.5295875
500000	640000	0.78679335
510000	640000	1.5069456
520000	640000	0.5708128
530000	640000	1.562154
540000	640000	2.208361
550000	640000	1.7120874
560000	640000	1.4368482
570000	640000	2.5040333
580000	640000	1.6796154
590000	640000	1.9413182
600000	640000	2.1308296
610000	640000	2.5245414
620000	640000	2.0511231
630000	640000	1.264279
640000	640000	1.3735826
190000	650000	1.3571445
200000	650000	1.0236316
210000	650000	3.3250468
220000	650000	2.4652689
230000	650000	0.5987152
240000	650000	0.7437601
250000	650000	1.5266967
260000	650000	2.8055832
270000	650000	1.0137556
280000	650000	0.9565234
290000	650000	1.8309095
300000	650000	1.5064882
310000	650000	1.3668321
330000	650000	1.4583869
340000	650000	1.0258524
350000	650000	1.8681118
360000	650000	1.421243
370000	650000	1.4339703
380000	650000	1.1477345
390000	650000	2.198954
400000	650000	0.78554755
410000	650000	1.367494
420000	650000	0.6549823
430000	650000	1.9917358
440000	650000	0.81900966
450000	650000	0.891624
460000	650000	0.82125604
470000	650000	0.48505148
480000	650000	1.6754962
490000	650000	0.91859275
500000	650000	0.7114427
510000	650000	1.8189231
520000	650000	0.69488746
530000	650000	1.5235603
540000	650000	1.2291952
550000	650000	1.4650005
560000	650000	1.7901641
570000	650000	3.1566286
580000	650000	1.6551458
590000	650000	1.5498765
600000	650000	1.8851488
610000	650000	1.8377991
620000	650000	1.969114
630000	650000	1.9061711
640000	650000	1.6921868
650000	650000	1.1678884
190000	660000	0.947695
200000	660000	0.5395959
210000	660000	1.1628937
230000	660000	0.6344582
240000	660000	0.7768473
250000	660000	0.53504956
260000	660000	1.1805815
270000	660000	1.0672231
280000	660000	1.0037977
290000	660000	1.4494923
320000	660000	2.0943167
330000	660000	1.0245091
340000	660000	1.0840589
350000	660000	0.49169454
360000	660000	2.9944139
370000	660000	1.0119466
380000	660000	1.621638
400000	660000	0.4150288
410000	660000	0.9715899
420000	660000	0.6929023
430000	660000	2.1146307
440000	660000	0.4329322
450000	660000	0.6342351
460000	660000	0.87559724
480000	660000	1.4942766
490000	660000	0.7373923
500000	660000	1.0172327
510000	660000	1.6782186
520000	660000	2.2465467
530000	660000	2.0699193
540000	660000	0.8027511
550000	660000	2.135566
560000	660000	1.8343569
570000	660000	1.6720496
580000	660000	1.6765834
590000	660000	1.6115255
600000	660000	1.2934209
610000	660000	2.5901752
620000	660000	2.4885414
630000	660000	2.7858713
640000	660000	1.6778266
650000	660000	1.883042
660000	660000	1.3623887
190000	670000	1.9510654
200000	670000	1.1101782
210000	670000	2.4081595
230000	670000	1.9575623
250000	670000	0.5488543
260000	670000	1.2190423
270000	670000	0.5513131
280000	670000	1.5567529
290000	670000	1.4939181
300000	670000	1.096077
310000	670000	1.4868047
320000	670000	2.1640267
330000	670000	1.06055
340000	670000	0.5609413
350000	670000	1.5308933
360000	670000	1.5480843
370000	670000	2.6174076
380000	670000	1.6858652
390000	670000	0.96633023
400000	670000	1.7211312
410000	670000	0.5041375
420000	670000	1.4504778
430000	670000	1.0985184
450000	670000	1.3170475
470000	670000	1.0834217
480000	670000	1.2522035
490000	670000	0.5166976
500000	670000	1.3366109
510000	670000	1.1783091
520000	670000	1.3194236
530000	670000	1.5335273
540000	670000	2.8562994
550000	670000	1.5219165
560000	670000	2.4241374
570000	670000	1.9933237
580000	670000	1.8315989
590000	670000	1.9594606
600000	670000	3.0510705
610000	670000	1.5541967
620000	670000	1.8453108
630000	670000	1.6053907
640000	670000	1.8506962
650000	670000	1.8096339
660000	670000	1.3633233
670000	670000	1.307009
190000	680000	0.8194547
200000	680000	2.3412812
210000	680000	1.0150722
220000	680000	2.2572622
230000	680000	0.55101794
240000	680000	1.3628486
250000	680000	0.46810982
260000	680000	2.0495543
270000	680000	1.3995551
280000	680000	0.43935862
290000	680000	0.8438503
300000	680000	0.9257624
310000	680000	1.2631346
320000	680000	0.6111781
330000	680000	1.3470703
350000	680000	0.8655574
370000	680000	0.4435696
380000	680000	0.35734218
390000	680000	0.82326967
400000	680000	2.201846
410000	680000	1.7132959
420000	680000	0.92515826
430000	680000	0.62816364
440000	680000	0.76871145
450000	680000	1.406767
460000	680000	1.1710744
470000	680000	0.46519524
480000	680000	0.5372527
490000	680000	1.3306359
500000	680000	0.92102563
510000	680000	1.5225542
520000	680000	0.68325853
530000	680000	2.4673214
540000	680000	1.7341611
550000	680000	1.6641501
560000	680000	1.8581553
570000	680000	1.5945184
580000	680000	2.349713
590000	680000	1.9137181
600000	680000	1.9741426
610000	680000	2.3411353
620000	680000	2.1942341
630000	680000	2.401373
640000	680000	2.039291
650000	680000	1.9033675
660000	680000	2.726821
670000	680000	2.1400478
680000	680000	1.1604042
190000	690000	0.76120937
200000	690000	1.2959328
210000	690000	1.8807987
220000	690000	1.0449324
230000	690000	2.0539184
240000	690000	0.6319513
250000	690000	1.73317
260000	690000	0.95987487
270000	690000	1.7227964
280000	690000	0.40830448
290000	690000	0.7846585
300000	690000	1.2921568
310000	690000	1.1716629
320000	690000	1.1404809
330000	690000	1.6712829
340000	690000	0.44253013
360000	690000	1.2263296
380000	690000	1.3301457
390000	690000	0.76658106
400000	690000	2.7468612
410000	690000	0.80237716
420000	690000	1.7264895
430000	690000	1.7600793
440000	690000	1.810317
450000	690000	1.0523424
460000	690000	0.36632666
470000	690000	1.3041269
480000	690000	0.7600325
490000	690000	0.6269855
500000	690000	1.08537
510000	690000	0.72013515
520000	690000	1.7237355
530000	690000	2.1587768
540000	690000	1.8856663
550000	690000	2.694782
560000	690000	1.7851233
570000	690000	2.7612982
580000	690000	3.1440027
590000	690000	3.1110349
600000	690000	1.8116018
610000	690000	1.9408596
620000	690000	1.751281
630000	690000	1.7330189
640000	690000	1.6750301
650000	690000	2.3715038
660000	690000	1.6354737
670000	690000	1.7657841
680000	690000	1.3846669
690000	690000	1.0464613
190000	700000	0.44820237
200000	700000	1.5315094
210000	700000	0.55184615
220000	700000	1.2315772
230000	700000	1.2096156
240000	700000	0.7492022
250000	700000	3.0673015
260000	700000	0.5651661
270000	700000	0.5132361
280000	700000	0.9591298
290000	700000	0.46384588
300000	700000	1.5285813
310000	700000	0.6935138
330000	700000	0.49595043
340000	700000	1.0477359
350000	700000	0.47702798
360000	700000	1.4535259
370000	700000	1.9637533
380000	700000	1.975776
390000	700000	2.7226532
400000	700000	0.4067436
410000	700000	0.95509744
420000	700000	2.0573027
430000	700000	1.741113
440000	700000	3.0114727
450000	700000	0.9458617
460000	700000	0.8715683
480000	700000	1.8071054
490000	700000	0.75227696
500000	700000	1.5615119
510000	700000	2.591131
520000	700000	1.815131
530000	700000	0.8660866
540000	700000	1.7054077
550000	700000	2.1106143
560000	700000	1.8542218
570000	700000	1.1249579
580000	700000	2.1378622
590000	700000	1.5298958
600000	700000	3.3720198
610000	700000	2.2658772
620000	700000	1.7731795
630000	700000	1.9105119
640000	700000	1.7575848
650000	700000	1.3330668
660000	700000	1.7431685
670000	700000	2.1399195
680000	700000	1.3365074
690000	700000	1.7036829
700000	700000	1.2642578
200000	710000	1.0653847
210000	710000	3.4672444
220000	710000	0.6403912
230000	710000	0.6316388
240000	710000	2.3458083
250000	710000	1.0740602
260000	710000	1.1817025
270000	710000	2.1421344
280000	710000	1.0127414
290000	710000	2.4137092
320000	710000	0.70587784
330000	710000	2.5929692
340000	710000	0.5509956
350000	710000	2.0015242
360000	710000	0.5079255
370000	710000	0.515609
380000	710000	0.8297943
390000	710000	1.9112062
410000	710000	1.0025353
420000	710000	2.1699278
430000	710000	0.73535854
440000	710000	0.9050338
450000	710000	0.99586815
460000	710000	0.4627631
470000	710000	0.5470699
480000	710000	0.63724077
490000	710000	0.52830637
500000	710000	1.1067572
510000	710000	0.91755563
520000	710000	1.1023057
530000	710000	2.0780265
540000	710000	2.1219144
550000	710000	3.4853408
560000	710000	3.1488612
570000	710000	1.6106206
580000	710000	2.778326
590000	710000	2.0740497
600000	710000	2.798761
610000	710000	2.3134804
620000	710000	3.1117775
630000	710000	2.4996629
640000	710000	2.6289773
650000	710000	2.4530473
660000	710000	2.564557
670000	710000	2.2954826
680000	710000	2.4097006
690000	710000	2.0660539
700000	710000	1.8002993
710000	710000	1.1942015
190000	720000	2.897062
200000	720000	3.3015242
210000	720000	0.5960212
220000	720000	3.3142173
230000	720000	1.2985628
240000	720000	1.6143702
250000	720000	0.55401474
280000	720000	2.0890486
290000	720000	0.50383306
310000	720000	0.7527623
320000	720000	0.73136014
330000	720000	1.0753955
340000	720000	1.708476
350000	720000	1.5606258
360000	720000	3.1597934
370000	720000	0.53428066
380000	720000	1.7228379
410000	720000	2.0790796
420000	720000	0.37522906
430000	720000	1.5332984
440000	720000	0.47227773
450000	720000	1.7256591
460000	720000	0.96319324
470000	720000	1.7226689
480000	720000	1.3278986
490000	720000	0.5524305
500000	720000	2.0166948
510000	720000	1.6070517
520000	720000	0.8681165
530000	720000	2.4254434
540000	720000	1.5975615
550000	720000	2.8095903
560000	720000	2.1004472
570000	720000	2.7747033
580000	720000	1.9658965
590000	720000	2.8862581
600000	720000	2.0627007
610000	720000	2.8743467
620000	720000	2.3139975
630000	720000	2.1516912
640000	720000	3.0529914
650000	720000	1.8906772
660000	720000	1.7408652
670000	720000	1.6624459
680000	720000	1.4163563
690000	720000	2.0864666
700000	720000	2.4097476
710000	720000	1.5815089
720000	720000	1.3503662
180000	730000	5.7348204
190000	730000	0.54368615
210000	730000	1.3456312
220000	730000	2.241343
230000	730000	2.2032685
240000	730000	2.720233
250000	730000	0.6249867
270000	730000	2.5118322
280000	730000	1.1795561
290000	730000	1.1357536
300000	730000	2.5051816
310000	730000	3.3849878
320000	730000	0.8276187
330000	730000	0.6088181
350000	730000	1.1751536
360000	730000	1.196635
370000	730000	0.60537493
380000	730000	0.48773164
390000	730000	1.6876546
400000	730000	0.5036622
410000	730000	1.1823488
420000	730000	2.125962
430000	730000	0.869254
440000	730000	0.53807473
450000	730000	1.5745455
460000	730000	0.54718655
470000	730000	0.6530596
480000	730000	1.5231766
490000	730000	1.2580171
500000	730000	1.9752985
510000	730000	1.4629087
520000	730000	0.9969521
530000	730000	3.8965611
550000	730000	2.4894588
560000	730000	0.8065687
570000	730000	1.4780958
580000	730000	1.4235021
590000	730000	2.0601463
600000	730000	1.3161794
610000	730000	2.0203922
620000	730000	3.141838
630000	730000	2.5555959
640000	730000	2.1598704
650000	730000	2.8188822
660000	730000	1.4836572
670000	730000	1.7888765
680000	730000	1.7332627
690000	730000	1.2520865
700000	730000	2.737651
710000	730000	1.3305686
720000	730000	2.1463428
730000	730000	1.2636483
180000	740000	5.111152
190000	740000	1.4496907
200000	740000	0.55170316
210000	740000	0.5990962
220000	740000	1.9998597
230000	740000	1.3086066
250000	740000	1.1098629
260000	740000	1.8502051
270000	740000	1.1191486
280000	740000	0.52897716
290000	740000	1.0137737
300000	740000	1.6738821
320000	740000	1.4708097
330000	740000	0.5445571
340000	740000	1.1550007
350000	740000	1.0524706
360000	740000	0.5341653
370000	740000	2.7181635
390000	740000	2.0140753
400000	740000	2.2581763
410000	740000	1.0599204
420000	740000	2.2934966
430000	740000	0.38928044
440000	740000	0.48222473
450000	740000	1.4179379
460000	740000	2.466451
470000	740000	0.5864914
480000	740000	0.68461967
490000	740000	0.28514695
500000	740000	1.7777412
510000	740000	2.3123388
520000	740000	3.287759
530000	740000	1.5158558
540000	740000	1.3307512
550000	740000	2.0329862
560000	740000	2.0194645
570000	740000	2.9161
580000	740000	1.2986531
590000	740000	1.4149258
600000	740000	2.6144497
610000	740000	3.1135912
620000	740000	2.5213788
630000	740000	2.1608734
640000	740000	2.9635143
650000	740000	1.833952
660000	740000	1.5784501
670000	740000	3.1911557
680000	740000	2.9023163
690000	740000	1.8873111
700000	740000	2.2706034
710000	740000	2.1646326
720000	740000	1.1740866
730000	740000	1.8694158
740000	740000	1.0987035
190000	750000	1.0146369
200000	750000	0.57761556
220000	750000	1.3984159
230000	750000	1.3753966
240000	750000	1.7015529
250000	750000	1.7533084
270000	750000	1.1754974
280000	750000	0.555254
290000	750000	1.6066017
310000	750000	0.8006179
320000	750000	0.78096247
330000	750000	1.13998
340000	750000	2.4338608
350000	750000	1.6643131
360000	750000	1.1270641
370000	750000	0.57171184
380000	750000	2.310317
390000	750000	0.5311965
400000	750000	0.95235485
410000	750000	1.6793474
420000	750000	0.40364733
430000	750000	1.6489655
440000	750000	1.5263152
450000	750000	1.8711203
460000	750000	0.5232775
470000	750000	1.2456223
480000	750000	0.36212274
490000	750000	1.8116603
500000	750000	1.5821843
510000	750000	0.7004012
520000	750000	2.2260203
530000	750000	1.6059785
540000	750000	0.7114553
550000	750000	2.172107
560000	750000	2.1584938
570000	750000	3.127463
580000	750000	3.3430262
590000	750000	1.2671123
600000	750000	2.1693962
610000	750000	3.1383336
620000	750000	2.3237646
630000	750000	2.1212976
640000	750000	1.7088773
650000	750000	1.1062243
660000	750000	1.9354835
670000	750000	1.4724317
680000	750000	1.8481022
690000	750000	2.2060108
700000	750000	2.1379724
710000	750000	1.7686727
720000	750000	1.814483
730000	750000	1.3942586
740000	750000	1.318759
750000	750000	1.3053542
190000	760000	2.3539326
200000	760000	2.1458685
210000	760000	1.7452397
220000	760000	1.9455011
240000	760000	1.5821292
250000	760000	0.5425944
260000	760000	0.60099405
270000	760000	1.0876659
280000	760000	1.0318897
290000	760000	0.9946022
300000	760000	1.0966593
310000	760000	2.9788415
320000	760000	0.7250365
330000	760000	2.1419463
340000	760000	1.1268528
350000	760000	1.034201
360000	760000	1.0511389
370000	760000	0.53357786
380000	760000	0.85976714
390000	760000	0.9941951
400000	760000	1.3332366
410000	760000	0.5221292
420000	760000	1.5087448
430000	760000	1.5404389
440000	760000	0.9532781
450000	760000	0.6985747
460000	760000	0.9774043
480000	760000	1.700976
490000	760000	1.4128941
500000	760000	1.1857182
510000	760000	1.3235011
520000	760000	2.684199
530000	760000	2.5193586
540000	760000	2.6672711
550000	760000	1.5980678
560000	760000	3.3385286
570000	760000	2.502268
580000	760000	1.5859052
590000	760000	3.6070268
600000	760000	3.0936449
610000	760000	3.6366343
620000	760000	1.8164371
630000	760000	1.816902
640000	760000	1.6489912
650000	760000	2.3231134
660000	760000	2.4099007
670000	760000	1.9360543
680000	760000	0.7376172
690000	760000	2.0335104
700000	760000	1.7896725
710000	760000	1.7995094
720000	760000	1.7076739
730000	760000	1.7504102
740000	760000	2.2630072
750000	760000	1.7947043
760000	760000	1.2303435
190000	770000	1.5695313
200000	770000	3.5609314
210000	770000	1.2882316
220000	770000	1.4321127
240000	770000	2.6252148
250000	770000	0.6014474
260000	770000	0.6651724
270000	770000	1.208083
280000	770000	1.7073566
300000	770000	1.2140316
310000	770000	1.6595751
320000	770000	0.80398494
340000	770000	0.6310219
350000	770000	2.283296
370000	770000	0.5932464
380000	770000	1.4348898
390000	770000	0.55133647
400000	770000	1.4873717
420000	770000	1.2582344
440000	770000	1.0616428
450000	770000	1.5603979
480000	770000	0.38059348
490000	770000	2.215317
500000	770000	1.3228831
510000	770000	0.7390173
520000	770000	2.3514924
530000	770000	2.2534447
540000	770000	1.8705723
550000	770000	2.8059196
560000	770000	3.3464692
570000	770000	2.3069274
580000	770000	1.4897524
590000	770000	1.0879561
600000	770000	1.8664145
610000	770000	1.2122352
620000	770000	2.7552729
630000	770000	3.1040382
640000	770000	1.8942034
650000	770000	2.4668438
660000	770000	2.1878865
670000	770000	1.3171479
680000	770000	2.1679063
690000	770000	1.9351171
700000	770000	1.2725707
710000	770000	2.8020728
720000	770000	2.0764644
730000	770000	2.1431367
740000	770000	1.795562
750000	770000	1.7185575
760000	770000	1.9922743
770000	770000	1.2636248
190000	780000	2.049088
200000	780000	2.3333647
210000	780000	2.5210342
220000	780000	1.4024676
230000	780000	2.7562332
240000	780000	1.7115474
250000	780000	0.58845717
260000	780000	0.652142
270000	780000	1.1826231
280000	780000	1.1182008
290000	780000	0.537455
300000	780000	0.5947343
310000	780000	1.6249527
320000	780000	0.7923424
330000	780000	1.1625396
340000	780000	1.2354226
350000	780000	0.5654511
360000	780000	1.1404072
370000	780000	1.1661052
380000	780000	1.4110469
390000	780000	1.6276836
400000	780000	0.48636118
410000	780000	0.5732167
420000	780000	0.8254654
430000	780000	0.84384775
440000	780000	1.5690429
450000	780000	1.1527655
460000	780000	0.5371546
470000	780000	0.640419
480000	780000	0.74957466
490000	780000	0.9394589
500000	780000	1.3104041
510000	780000	1.8231405
520000	780000	1.6590571
530000	780000	2.8061817
540000	780000	2.2197714
550000	780000	4.0505633
560000	780000	3.100481
570000	780000	1.5339547
580000	780000	1.1877909
590000	780000	1.0847136
600000	780000	2.8007748
610000	780000	2.1831512
620000	780000	1.8413023
630000	780000	3.1233315
640000	780000	0.57245016
650000	780000	1.253157
660000	780000	0.6071168
670000	780000	2.4999216
680000	780000	1.6399391
690000	780000	1.8863991
700000	780000	1.4727569
710000	780000	1.9972435
720000	780000	2.4904075
730000	780000	1.8701246
740000	780000	1.4685329
750000	780000	2.3845515
760000	780000	1.5936109
770000	780000	1.3818885
780000	780000	1.3250933
190000	790000	1.581421
200000	790000	2.2716165
210000	790000	1.9709675
220000	790000	1.0915362
230000	790000	0.5367377
240000	790000	1.3295416
250000	790000	1.8309672
270000	790000	1.3833627
280000	790000	0.8706826
290000	790000	1.6798843
300000	790000	1.3845862
310000	790000	1.899527
320000	790000	0.6170882
330000	790000	0.45565194
340000	790000	1.9275675
350000	790000	0.4402776
360000	790000	0.89855206
370000	790000	0.9056096
380000	790000	1.1030736
390000	790000	1.2731612
400000	790000	0.7613975
410000	790000	1.3418105
420000	790000	0.3239345
430000	790000	0.6605157
440000	790000	2.454852
450000	790000	0.6022895
460000	790000	0.4208566
470000	790000	1.5095726
480000	790000	1.7603102
490000	790000	1.7169935
500000	790000	2.0627396
510000	790000	0.57458514
520000	790000	1.5626388
530000	790000	1.1023566
540000	790000	1.4658055
550000	790000	2.1904387
560000	790000	1.6317034
570000	790000	2.4115927
580000	790000	0.9423241
590000	790000	3.6545203
600000	790000	2.0360281
610000	790000	2.1232607
620000	790000	2.3811862
630000	790000	2.4903493
640000	790000	1.2217658
650000	790000	2.3429475
660000	790000	1.7989869
670000	790000	2.0231857
680000	790000	1.6966805
690000	790000	2.7860076
700000	790000	1.2180822
710000	790000	2.402624
720000	790000	1.6365526
730000	790000	2.5759006
740000	790000	1.6121994
750000	790000	2.4327464
760000	790000	2.080995
770000	790000	1.9782407
780000	790000	1.9176279
790000	790000	0.8856345
180000	800000	5.4754457
190000	800000	0.5160195
200000	800000	1.7677894
210000	800000	1.9348196
220000	800000	0.7170777
230000	800000	2.8081784
240000	800000	2.610698
260000	800000	0.6634573
270000	800000	3.015434
280000	800000	2.2821574
300000	800000	1.2121695
330000	800000	0.5963825
340000	800000	1.2696748
350000	800000	1.7316866
360000	800000	0.58789825
370000	800000	0.59958625
380000	800000	0.95978487
390000	800000	1.1150967
400000	800000	1.5013205
410000	800000	0.588369
420000	800000	1.2743448
430000	800000	0.871222
440000	800000	0.5382084
450000	800000	1.5836282
460000	800000	1.1086057
470000	800000	2.6502383
480000	800000	1.1622113
490000	800000	0.32268667
500000	800000	0.67882186
510000	800000	1.5200257
520000	800000	1.0345708
530000	800000	2.908208
540000	800000	2.3224761
550000	800000	2.9170096
560000	800000	1.0784787
570000	800000	1.5996859
580000	800000	1.5560699
590000	800000	2.006306
600000	800000	1.479538
610000	800000	2.3152862
620000	800000	1.2247479
630000	800000	1.6653386
640000	800000	2.2510762
650000	800000	1.5756925
660000	800000	2.4225104
670000	800000	0.6340965
680000	800000	1.3186476
690000	800000	2.5373797
700000	800000	2.4430788
710000	800000	1.7423769
720000	800000	1.4892858
730000	800000	1.6362032
740000	800000	2.2429338
750000	800000	1.4495953
760000	800000	1.1203188
770000	800000	1.776009
780000	800000	1.6223196
790000	800000	1.6494985
800000	800000	1.1585677
180000	810000	5.955598
190000	810000	0.56342465
200000	810000	3.83669
210000	810000	1.3909485
230000	810000	0.766903
240000	810000	4.7317915
250000	810000	1.3007746
260000	810000	1.4402268
270000	810000	1.966445
280000	810000	0.62039495
290000	810000	0.59881157
300000	810000	1.9781976
320000	810000	0.87633216
330000	810000	0.64940155
340000	810000	0.6908309
350000	810000	1.8967048
380000	810000	2.1133049
390000	810000	0.6050076
400000	810000	0.54662585
410000	810000	0.64304024
420000	810000	1.8583314
430000	810000	1.8996996
440000	810000	0.5902198
450000	810000	1.2989979
460000	810000	0.6058744
470000	810000	2.1765907
480000	810000	1.2723156
490000	810000	3.1883574
500000	810000	1.4849569
510000	810000	0.8317828
530000	810000	1.600828
540000	810000	2.122565
550000	810000	1.1644381
560000	810000	1.6717215
570000	810000	2.930228
580000	810000	2.0596275
590000	810000	3.1480057
600000	810000	3.2801325
610000	810000	1.1397864
620000	810000	1.6285349
630000	810000	0.92579937
640000	810000	1.3653332
650000	810000	1.2538934
660000	810000	1.4776812
670000	810000	0.7099219
680000	810000	1.6750993
690000	810000	0.79701644
700000	810000	0.5202963
710000	810000	1.1652257
720000	810000	1.7210699
730000	810000	2.2320604
740000	810000	1.3960408
750000	810000	0.8197326
760000	810000	1.3123155
770000	810000	2.159091
780000	810000	1.8163989
790000	810000	1.2033052
800000	810000	2.0014017
810000	810000	1.081477
190000	820000	0.44400254
200000	820000	1.0116934
210000	820000	0.54679054
220000	820000	2.4386482
230000	820000	3.0232322
250000	820000	1.0248634
260000	820000	0.5678397
270000	820000	0.5154568
280000	820000	0.48853168
300000	820000	0.52055365
310000	820000	1.4213413
320000	820000	0.6932099
330000	820000	0.51016164
340000	820000	1.0900186
350000	820000	0.4984614
360000	820000	0.50852865
370000	820000	0.51515865
380000	820000	0.83288
390000	820000	0.4825728
400000	820000	0.8594927
410000	820000	1.0177706
430000	820000	1.128983
440000	820000	0.46621218
450000	820000	0.34402838
460000	820000	0.9601749
470000	820000	0.57455915
480000	820000	0.67294246
490000	820000	1.4049084
500000	820000	1.1811392
510000	820000	1.3182924
520000	820000	1.2028623
530000	820000	2.806049
540000	820000	0.33859766
550000	820000	3.0070071
560000	820000	2.0893612
570000	820000	2.8206599
580000	820000	2.460037
590000	820000	1.7609849
600000	820000	2.6101863
610000	820000	1.8307647
620000	820000	2.1781657
630000	820000	1.4864823
640000	820000	1.6497494
650000	820000	2.2223728
660000	820000	0.79515237
670000	820000	1.7255679
680000	820000	1.2077777
690000	820000	2.4777296
700000	820000	2.4154968
710000	820000	1.6438001
720000	820000	1.169616
730000	820000	1.4683677
740000	820000	1.720248
750000	820000	1.5122287
760000	820000	1.4813073
770000	820000	1.8061856
780000	820000	1.5998557
790000	820000	2.2204237
800000	820000	1.3841218
810000	820000	2.0660517
820000	820000	1.0491
180000	830000	5.7161107
190000	830000	1.0860037
200000	830000	3.100091
210000	830000	2.6911032
220000	830000	0.7455299
230000	830000	3.673779
240000	830000	2.755455
250000	830000	1.8923987
270000	830000	1.8965936
280000	830000	1.1950617
290000	830000	2.311197
300000	830000	1.2757272
310000	830000	0.8726124
330000	830000	1.883046
340000	830000	0.6659388
350000	830000	0.6116453
360000	830000	1.247195
370000	830000	0.63584477
380000	830000	1.0230601
400000	830000	1.0663018
410000	830000	0.62226856
420000	830000	0.4528068
440000	830000	1.1491871
450000	830000	1.268006
460000	830000	0.59328496
480000	830000	0.82888275
490000	830000	1.38691
500000	830000	1.092828
520000	830000	2.5945475
530000	830000	2.8314817
540000	830000	2.0980594
550000	830000	1.1478363
560000	830000	1.6431966
570000	830000	2.326218
580000	830000	2.0462294
590000	830000	1.2462788
600000	830000	0.8110909
610000	830000	2.5491836
620000	830000	1.0883431
630000	830000	1.546178
640000	830000	1.6022205
650000	830000	0.759398
660000	830000	1.4945525
670000	830000	0.96282285
680000	830000	1.9025373
690000	830000	1.974315
700000	830000	1.2655944
710000	830000	1.3964382
720000	830000	1.3307068
730000	830000	0.86226946
740000	830000	1.1201115
750000	830000	1.0627173
760000	830000	1.5427253
770000	830000	2.251916
780000	830000	1.4481058
790000	830000	2.170595
800000	830000	1.4660631
810000	830000	2.1668842
820000	830000	1.615725
830000	830000	0.99473995
180000	840000	6.1889844
190000	840000	0.58747363
200000	840000	0.67206603
210000	840000	2.1926477
220000	840000	0.81302905
230000	840000	0.79636204
250000	840000	0.6856146
260000	840000	1.5184577
280000	840000	2.598201
290000	840000	0.62637764
300000	840000	1.3848728
320000	840000	0.92491996
330000	840000	2.728262
340000	840000	0.72620267
350000	840000	0.66240203
360000	840000	1.3564198
370000	840000	0.69108534
380000	840000	1.6787816
390000	840000	1.2882179
400000	840000	0.5793326
410000	840000	0.6842384
420000	840000	0.49075252
430000	840000	1.0112848
450000	840000	1.8468381
460000	840000	1.292084
470000	840000	0.7756094
480000	840000	0.4527187
490000	840000	0.37852544
500000	840000	0.7968241
510000	840000	0.8916327
520000	840000	0.8128462
530000	840000	1.7184646
540000	840000	1.3760346
550000	840000	2.5215375
560000	840000	1.2905715
570000	840000	0.31850973
580000	840000	1.121778
590000	840000	0.34454888
600000	840000	2.374256
630000	840000	2.3965921
640000	840000	0.75965804
650000	840000	0.8404461
660000	840000	3.0427635
670000	840000	1.6039795
680000	840000	2.117004
690000	840000	2.2051811
700000	840000	0.80869186
710000	840000	0.5905866
720000	840000	2.0665255
730000	840000	1.5651152
740000	840000	1.7635446
750000	840000	0.76663667
760000	840000	1.2869267
770000	840000	2.0362563
780000	840000	1.643091
790000	840000	1.0295235
800000	840000	2.0827432
810000	840000	1.5950422
820000	840000	1.8228132
830000	840000	1.7914392
840000	840000	1.1997771
190000	850000	1.5814984
200000	850000	0.90392137
210000	850000	1.9697756
220000	850000	2.1960638
260000	850000	1.0258715
270000	850000	0.93137217
280000	850000	0.87707347
330000	850000	0.922789
340000	850000	0.98101556
370000	850000	0.9343791
390000	850000	0.8759773
410000	850000	0.9243085
430000	850000	0.68127865
450000	850000	0.62655634
460000	850000	0.8773264
480000	850000	0.61644554
490000	850000	0.5140343
500000	850000	1.0814363
510000	850000	3.0308158
520000	850000	0.5524477
530000	850000	1.4055243
540000	850000	2.4917192
550000	850000	3.8548722
560000	850000	3.1720622
570000	850000	1.7415458
580000	850000	1.0183794
590000	850000	0.93928003
600000	850000	0.81600875
610000	850000	0.42582306
620000	850000	1.2263548
630000	850000	0.9338249
640000	850000	0.69705194
660000	850000	1.1417445
670000	850000	0.73811644
680000	850000	1.4614519
690000	850000	0.7626134
700000	850000	1.1229037
710000	850000	0.5473317
720000	850000	0.7901901
730000	850000	0.54938096
740000	850000	0.904417
750000	850000	1.7460785
760000	850000	1.8466189
770000	850000	1.47818
780000	850000	1.7777648
790000	850000	1.3277342
800000	850000	1.6228132
810000	850000	1.8089097
820000	850000	1.8437244
830000	850000	1.6105859
840000	850000	1.0489587
850000	850000	1.5863249
220000	860000	2.0929205
230000	860000	4.12497
270000	860000	0.8900456
290000	860000	0.8083738
300000	860000	1.7838305
310000	860000	1.219042
320000	860000	2.383813
330000	860000	0.8811639
350000	860000	0.8579532
370000	860000	0.8897039
390000	860000	1.674186
410000	860000	0.88476443
440000	860000	1.6212176
460000	860000	0.84201765
470000	860000	2.016839
510000	860000	1.1636615
530000	860000	0.45040014
540000	860000	0.600557
550000	860000	0.4114027
560000	860000	1.0162045
570000	860000	1.2613975
580000	860000	3.4458673
590000	860000	2.261506
600000	860000	1.5732862
610000	860000	0.41402364
620000	860000	0.7890681
630000	860000	0.9045144
640000	860000	0.6723156
650000	860000	1.1251777
660000	860000	1.1105597
670000	860000	2.5138173
680000	860000	0.85615367
690000	860000	0.99289817
700000	860000	1.0985792
720000	860000	1.2948136
730000	860000	2.4514163
740000	860000	0.224525
750000	860000	1.3061969
760000	860000	1.6731799
770000	860000	0.75004876
780000	860000	1.8254412
790000	860000	2.4245389
800000	860000	1.726867
810000	860000	1.2460297
820000	860000	1.3899295
830000	860000	2.472676
840000	860000	0.6422711
850000	860000	1.5889665
860000	860000	1.346345
190000	870000	0.5752858
200000	870000	1.3166934
210000	870000	0.71384495
220000	870000	1.5934955
230000	870000	1.5732919
240000	870000	1.9541777
250000	870000	2.0141234
260000	870000	1.4819552
270000	870000	2.6984627
280000	870000	0.6435511
290000	870000	0.62068367
300000	870000	0.6817516
310000	870000	0.9325714
340000	870000	2.1523216
350000	870000	0.6570816
360000	870000	1.3389647
380000	870000	1.102068
390000	870000	0.64068496
400000	870000	0.5768511
420000	870000	0.4910473
430000	870000	0.50366706
450000	870000	1.8335403
460000	870000	1.9393796
480000	870000	0.45370367
500000	870000	1.6011876
510000	870000	0.89454675
520000	870000	1.2244258
530000	870000	0.6933323
540000	870000	2.3105555
550000	870000	1.5873146
560000	870000	1.3020878
570000	870000	1.9406773
580000	870000	1.9025542
590000	870000	1.0499789
600000	870000	1.5159717
620000	870000	0.92111194
630000	870000	0.69874024
640000	870000	1.8243239
650000	870000	0.86864007
660000	870000	1.4421428
670000	870000	2.795885
680000	870000	0.8890823
690000	870000	1.357905
700000	870000	1.9319065
710000	870000	0.8417987
720000	870000	1.831971
730000	870000	0.6430332
740000	870000	1.4255954
750000	870000	1.9033417
760000	870000	1.0389448
770000	870000	0.45329854
780000	870000	0.67398155
790000	870000	1.3284405
800000	870000	1.3313352
810000	870000	1.3796624
820000	870000	1.8031261
830000	870000	1.6194224
840000	870000	1.4002753
850000	870000	1.975136
860000	870000	1.2161549
870000	870000	1.2828124
190000	880000	1.1738273
200000	880000	0.6705325
210000	880000	1.4616833
220000	880000	0.8123909
230000	880000	1.6029569
250000	880000	0.68685883
270000	880000	2.0657165
280000	880000	0.6527422
290000	880000	1.2706163
300000	880000	2.1014543
310000	880000	0.95389193
320000	880000	1.8617457
340000	880000	1.4668761
350000	880000	0.67204565
390000	880000	0.65341944
420000	880000	0.50588363
430000	880000	0.5163919
440000	880000	0.6418821
450000	880000	0.9493263
470000	880000	0.7958785
480000	880000	0.9327976
490000	880000	1.5609527
500000	880000	0.82098484
520000	880000	1.2595729
530000	880000	1.4256198
540000	880000	0.47596365
550000	880000	1.9613308
560000	880000	2.1512978
570000	880000	0.6655136
580000	880000	0.39169934
590000	880000	1.0860792
600000	880000	0.31395477
610000	880000	0.98861635
620000	880000	1.5851458
630000	880000	1.0915111
640000	880000	1.0776522
650000	880000	0.60079145
660000	880000	0.5959385
670000	880000	0.5830173
680000	880000	1.389413
690000	880000	1.4152571
700000	880000	1.1224183
710000	880000	0.8804302
720000	880000	0.4265992
730000	880000	0.9018316
740000	880000	1.3135797
750000	880000	1.1026341
760000	880000	1.5786128
770000	880000	1.1299778
780000	880000	0.872122
790000	880000	1.4439741
800000	880000	1.0981644
810000	880000	1.6605906
820000	880000	1.3974957
830000	880000	1.5641075
840000	880000	1.5720528
850000	880000	1.6053722
860000	880000	1.7945542
870000	880000	1.3200806
880000	880000	1.1279674
190000	890000	0.8828536
200000	890000	1.0058348
240000	890000	1.494156
280000	890000	0.9796052
330000	890000	1.0344245
340000	890000	1.1009423
360000	890000	1.0318227
380000	890000	1.7028862
390000	890000	0.9866371
400000	890000	0.8859575
410000	890000	3.1497014
430000	890000	0.78220946
450000	890000	1.4283519
470000	890000	3.5831046
510000	890000	1.3912411
520000	890000	0.636764
530000	890000	1.6172315
540000	890000	2.8779445
550000	890000	0.9900869
560000	890000	0.81426066
570000	890000	1.010447
590000	890000	1.6438558
600000	890000	0.9549803
610000	890000	1.0034574
620000	890000	0.4808431
630000	890000	0.55237156
640000	890000	2.0626528
650000	890000	2.282942
660000	890000	1.3635913
670000	890000	1.3283798
680000	890000	0.71000034
690000	890000	0.30970755
700000	890000	1.3760271
710000	890000	0.33844835
720000	890000	0.6560291
730000	890000	1.0421183
740000	890000	0.2902205
750000	890000	0.8536303
760000	890000	1.7256237
770000	890000	1.2622324
780000	890000	0.68497133
790000	890000	1.798823
800000	890000	1.7550966
810000	890000	0.95904636
820000	890000	1.8912592
830000	890000	1.0193516
840000	890000	2.4557416
850000	890000	1.5342102
860000	890000	1.7495637
870000	890000	1.4540693
880000	890000	1.7266188
890000	890000	1.5309265
210000	900000	0.8269177
220000	900000	0.922429
240000	900000	2.2565093
260000	900000	1.7306952
270000	900000	1.5755495
280000	900000	0.7450485
290000	900000	1.4323511
300000	900000	0.7918717
330000	900000	1.5671582
340000	900000	0.83465976
350000	900000	1.5274761
360000	900000	0.78117734
370000	900000	0.7974894
380000	900000	1.9387153
390000	900000	0.7477154
400000	900000	1.3475935
410000	900000	1.5859616
440000	900000	0.7382471
450000	900000	1.6267818
460000	900000	0.7613045
500000	900000	1.4180422
510000	900000	1.5898457
520000	900000	0.48358008
530000	900000	0.8235842
540000	900000	0.5481258
550000	900000	1.5076573
560000	900000	1.2421895
570000	900000	0.77052575
580000	900000	0.90621513
590000	900000	0.8349573
610000	900000	0.38434115
620000	900000	2.2124205
640000	900000	0.630901
650000	900000	0.70427614
660000	900000	1.0439171
680000	900000	1.6295962
690000	900000	0.95655704
700000	900000	0.5308382
710000	900000	1.0449256
720000	900000	0.76211846
730000	900000	1.345301
740000	900000	0.67566323
750000	900000	0.6649518
760000	900000	1.7302531
770000	900000	0.99280155
780000	900000	2.1581447
790000	900000	0.77628785
800000	900000	1.401574
810000	900000	1.2352188
820000	900000	1.9805292
830000	900000	1.9284929
840000	900000	2.072837
850000	900000	2.4142432
860000	900000	1.6000854
870000	900000	1.8174993
880000	900000	2.2149663
890000	900000	1.4385177
900000	900000	1.1656271
190000	910000	0.7179249
200000	910000	1.6331474
210000	910000	1.782186
220000	910000	0.9912564
230000	910000	1.9547739
240000	910000	2.4334311
260000	910000	0.92867917
270000	910000	0.84702766
280000	910000	0.80287856
290000	910000	0.77472675
350000	910000	1.6470807
370000	910000	0.8587466
400000	910000	3.6313937
410000	910000	3.431107
430000	910000	0.63965225
440000	910000	0.7959218
450000	910000	0.5884342
460000	910000	0.8221609
480000	910000	0.5808558
490000	910000	0.48247048
500000	910000	3.5806623
510000	910000	0.57382756
520000	910000	1.5719782
530000	910000	1.334396
560000	910000	1.0088904
570000	910000	1.6718876
580000	910000	0.49143997
590000	910000	0.9081699
610000	910000	0.4167401
620000	910000	1.2052611
630000	910000	1.8410038
640000	910000	1.3710129
650000	910000	0.7659733
660000	910000	2.290233
670000	910000	0.37044218
700000	910000	0.2914921
710000	910000	0.573345
720000	910000	0.83666384
730000	910000	0.2963829
740000	910000	0.49623603
750000	910000	1.7125508
760000	910000	1.0650083
770000	910000	1.1012275
780000	910000	1.0059767
790000	910000	1.4494901
800000	910000	0.8762235
810000	910000	1.5783633
820000	910000	1.5117146
830000	910000	2.3737133
840000	910000	1.8979657
850000	910000	1.93227
860000	910000	1.7243065
870000	910000	2.8708076
880000	910000	1.3750991
890000	910000	1.3031898
900000	910000	1.2896205
910000	910000	1.3421814
200000	920000	2.374781
220000	920000	2.878012
270000	920000	2.4491677
280000	920000	0.7753003
290000	920000	1.4995756
300000	920000	0.82711154
320000	920000	1.1020106
330000	920000	0.82114375
340000	920000	1.7481502
360000	920000	0.8135083
380000	920000	0.67328584
390000	920000	0.7809723
430000	920000	2.4685311
450000	920000	1.1395178
480000	920000	1.1245761
490000	920000	1.4178628
500000	920000	0.98777384
520000	920000	1.0191252
530000	920000	0.86571497
540000	920000	0.5777141
550000	920000	0.7970274
560000	920000	0.6545317
570000	920000	0.8130112
580000	920000	0.95766807
590000	920000	2.211571
600000	920000	0.38532934
620000	920000	0.7824613
630000	920000	1.3510892
640000	920000	1.007247
650000	920000	1.1211916
660000	920000	1.118523
670000	920000	1.4597844
680000	920000	1.1609896
690000	920000	1.5323578
700000	920000	0.8546108
710000	920000	0.28275174
720000	920000	1.0994487
730000	920000	1.4610875
740000	920000	0.49092656
750000	920000	0.7261737
760000	920000	0.2111466
770000	920000	1.9723774
780000	920000	0.80170965
790000	920000	0.87379533
800000	920000	1.234273
810000	920000	1.949634
820000	920000	1.5420731
830000	920000	2.5843794
840000	920000	1.5515252
850000	920000	1.1917272
860000	920000	1.2871119
870000	920000	1.7915238
880000	920000	1.5261285
890000	920000	1.9233692
900000	920000	1.4581487
910000	920000	1.1306934
920000	920000	1.2978692
220000	930000	2.3197598
230000	930000	1.1469464
240000	930000	2.842907
250000	930000	3.9177396
260000	930000	1.0899767
280000	930000	0.93882203
290000	930000	0.9096454
310000	930000	1.375428
320000	930000	1.3368405
330000	930000	1.9797422
350000	930000	0.9731109
360000	930000	0.9889624
380000	930000	0.8169303
390000	930000	0.9488858
430000	930000	1.5064627
440000	930000	0.9347406
450000	930000	1.3870978
460000	930000	0.97471595
480000	930000	0.6851654
500000	930000	1.2156634
520000	930000	1.2444088
530000	930000	1.0576959
540000	930000	0.7063306
550000	930000	0.4856987
560000	930000	0.4012006
580000	930000	1.1701676
590000	930000	0.5414508
600000	930000	0.94312537
610000	930000	1.4932742
620000	930000	0.478364
650000	930000	1.8397777
660000	930000	0.45710102
670000	930000	0.44785514
680000	930000	0.71848917
690000	930000	0.6275588
700000	930000	1.0537663
710000	930000	0.34716764
720000	930000	0.34060252
730000	930000	1.4473219
740000	930000	1.216223
750000	930000	1.2034308
760000	930000	1.3123255
780000	930000	0.5011194
790000	930000	0.72907346
800000	930000	1.5580021
810000	930000	1.3442918
820000	930000	0.97900414
830000	930000	1.2880436
840000	930000	2.7332256
850000	930000	1.1126748
860000	930000	1.3297734
870000	930000	1.2772775
880000	930000	1.6903872
890000	930000	2.117245
900000	930000	1.1065447
910000	930000	0.88383234
920000	930000	1.5705738
930000	930000	1.3640224
210000	940000	2.8017514
220000	940000	1.0398002
230000	940000	3.0621214
260000	940000	1.9423587
280000	940000	0.8374224
290000	940000	2.4323328
310000	940000	1.2309989
320000	940000	1.2010559
350000	940000	1.7427038
370000	940000	0.90292096
380000	940000	0.73161066
410000	940000	0.9049837
430000	940000	0.6743065
440000	940000	0.83976394
450000	940000	1.8563634
460000	940000	0.87333405
480000	940000	1.2350081
490000	940000	0.51554906
500000	940000	0.54413146
510000	940000	0.612846
520000	940000	0.5555528
530000	940000	0.95063263
540000	940000	0.63519967
550000	940000	0.8741949
560000	940000	0.71983266
570000	940000	0.448472
580000	940000	0.5265335
590000	940000	0.97395396
610000	940000	0.8967513
620000	940000	1.2963942
630000	940000	0.49589682
640000	940000	1.4868233
650000	940000	1.2486038
670000	940000	0.8082997
680000	940000	0.32450053
690000	940000	0.5717322
700000	940000	0.95296323
710000	940000	0.6301754
720000	940000	1.8469256
730000	940000	0.66006136
740000	940000	0.27712035
750000	940000	1.371558
760000	940000	1.2006038
770000	940000	1.2486365
780000	940000	1.6078306
790000	940000	1.1740315
800000	940000	0.8201611
810000	940000	0.83267486
820000	940000	1.9736714
830000	940000	1.7197226
840000	940000	1.2032264
850000	940000	1.2696497
860000	940000	1.6449698
870000	940000	2.2479153
880000	940000	1.1236409
890000	940000	1.0203557
900000	940000	2.023074
910000	940000	1.4197209
920000	940000	1.4144773
930000	940000	1.8330494
940000	940000	1.0825422
190000	950000	0.741448
220000	950000	1.0401955
250000	950000	0.8752394
260000	950000	0.9696956
300000	950000	0.8955207
310000	950000	1.2298045
370000	950000	0.9079621
390000	950000	0.84906155
420000	950000	1.3156077
430000	950000	1.3527048
450000	950000	1.243845
470000	950000	2.104559
480000	950000	0.61857355
490000	950000	0.51980776
530000	950000	1.4243758
540000	950000	1.2773813
550000	950000	0.87950623
560000	950000	0.3623609
580000	950000	1.5946039
600000	950000	1.2825755
610000	950000	0.4519755
620000	950000	0.87095946
630000	950000	0.5011608
640000	950000	1.4970272
650000	950000	1.2579285
660000	950000	0.41918117
670000	950000	0.40957546
680000	950000	0.32760364
690000	950000	1.1555166
700000	950000	2.2663112
710000	950000	0.3187805
740000	950000	1.1311132
750000	950000	0.55939394
760000	950000	1.4695772
770000	950000	0.76678544
780000	950000	0.2351118
790000	950000	1.3760402
800000	950000	0.42215115
810000	950000	1.0727117
820000	950000	1.8937137
830000	950000	1.7901319
840000	950000	1.7972298
850000	950000	1.3399154
860000	950000	2.1388032
870000	950000	1.8819135
880000	950000	1.8436112
890000	950000	1.1381842
900000	950000	2.337297
910000	950000	1.5252545
920000	950000	1.6155148
930000	950000	1.7206825
940000	950000	1.1836497
950000	950000	1.311279
220000	960000	1.0460802
260000	960000	0.9802435
280000	960000	0.84445196
290000	960000	1.6369717
300000	960000	1.8044722
330000	960000	0.8980568
350000	960000	0.8723507
430000	960000	1.3670449
450000	960000	0.62885207
500000	960000	0.5557926
510000	960000	0.6217795
530000	960000	0.48580137
540000	960000	1.9323566
550000	960000	1.3392614
560000	960000	1.8403348
570000	960000	0.91501534
580000	960000	0.5385857
590000	960000	0.4996952
600000	960000	1.7382525
610000	960000	0.9182851
630000	960000	0.50989884
640000	960000	0.3818654
670000	960000	0.41861546
680000	960000	1.0055794
690000	960000	0.29444513
700000	960000	1.321265
710000	960000	0.32802972
720000	960000	0.6385044
730000	960000	0.3420649
740000	960000	0.5773107
750000	960000	0.86445314
770000	960000	1.3161
780000	960000	1.4576967
790000	960000	1.0665457
800000	960000	1.9669566
810000	960000	1.5608628
820000	960000	0.8210233
830000	960000	2.254357
840000	960000	2.0776758
850000	960000	1.4144466
860000	960000	0.8286794
870000	960000	0.86624455
880000	960000	2.2706285
890000	960000	1.25695
900000	960000	1.9143753
910000	960000	1.2231283
920000	960000	2.1505337
930000	960000	2.6015718
940000	960000	1.5532229
950000	960000	1.6946015
960000	960000	1.1245556
200000	970000	0.91479415
220000	970000	1.1128271
230000	970000	1.0989549
270000	970000	0.9513104
280000	970000	2.699172
320000	970000	1.290628
330000	970000	0.95737183
360000	970000	0.9513163
380000	970000	1.589657
390000	970000	0.92081624
400000	970000	0.8264278
420000	970000	0.7084397
430000	970000	0.7297502
440000	970000	0.9097214
450000	970000	0.67307353
460000	970000	1.8906387
480000	970000	1.3335164
490000	970000	0.5623132
500000	970000	0.5941043
520000	970000	0.6095499
530000	970000	0.51916564
540000	970000	1.3931406
560000	970000	1.5796667
570000	970000	0.9823299
580000	970000	1.1572387
600000	970000	1.8724785
610000	970000	0.49326718
620000	970000	0.47585192
630000	970000	0.54847306
640000	970000	0.8212791
650000	970000	0.91933554
660000	970000	0.45809615
680000	970000	1.0862784
700000	970000	0.71169114
730000	970000	0.7385793
740000	970000	0.3127509
750000	970000	1.2435329
760000	970000	0.823639
770000	970000	1.43196
780000	970000	0.2644391
790000	970000	1.5531135
800000	970000	1.1935836
810000	970000	0.9760779
820000	970000	0.7215105
830000	970000	1.0330168
840000	970000	1.6760039
850000	970000	3.4041104
860000	970000	1.3868531
870000	970000	1.1380967
880000	970000	1.3645858
890000	970000	1.8562013
900000	970000	1.9551679
910000	970000	1.9853175
920000	970000	2.209355
930000	970000	1.3421036
940000	970000	1.3544084
950000	970000	2.1285655
960000	970000	1.3271533
970000	970000	1.1993474
240000	980000	1.5233443
250000	980000	2.10432
270000	980000	1.0580195
290000	980000	0.971049
310000	980000	1.475662
360000	980000	3.2043738
370000	980000	1.0854461
380000	980000	0.8813786
400000	980000	0.92834175
410000	980000	1.0919888
420000	980000	0.79288703
450000	980000	1.5052284
460000	980000	2.1184058
490000	980000	1.2539675
520000	980000	1.3730837
530000	980000	0.581932
550000	980000	1.6161059
560000	980000	0.8813351
570000	980000	0.5516869
590000	980000	1.2037234
600000	980000	0.5248198
610000	980000	0.5562535
620000	980000	1.0703434
630000	980000	1.2329572
640000	980000	0.92480177
650000	980000	2.0698605
670000	980000	0.5061745
680000	980000	0.8150161
690000	980000	1.0802567
720000	980000	0.7839121
730000	980000	0.4204542
740000	980000	0.70692575
750000	980000	2.8209336
760000	980000	0.9302519
780000	980000	0.60239905
790000	980000	0.66363734
800000	980000	1.0917279
810000	980000	1.9531685
820000	980000	1.2398763
830000	980000	0.9503447
840000	980000	2.1707513
850000	980000	1.8243078
860000	980000	1.8814334
870000	980000	2.278776
880000	980000	0.53623855
890000	980000	1.2254634
900000	980000	1.6792107
910000	980000	2.5875826
920000	980000	2.2024267
930000	980000	2.0207844
940000	980000	1.3983662
950000	980000	1.0286866
960000	980000	1.798451
970000	980000	1.1428307
980000	980000	1.318869
200000	990000	1.2354437
220000	990000	1.5014521
250000	990000	1.2725046
260000	990000	1.417152
270000	990000	1.2883722
280000	990000	1.216485
300000	990000	1.3022591
340000	990000	1.3806869
350000	990000	1.2693912
380000	990000	2.1380281
420000	990000	0.96373177
470000	990000	1.5495738
480000	990000	0.91030633
540000	990000	0.9494289
550000	990000	0.655058
560000	990000	1.0844861
570000	990000	0.669107
580000	990000	0.79390997
590000	990000	2.2056212
600000	990000	1.9246582
620000	990000	1.3119313
630000	990000	0.7535928
670000	990000	1.2422197
680000	990000	1.9927318
690000	990000	0.88094616
700000	990000	0.990323
710000	990000	0.4908596
720000	990000	0.48045537
740000	990000	0.4374141
750000	990000	0.86631435
760000	990000	0.76456124
770000	990000	0.4007601
780000	990000	0.3731765
800000	990000	1.6901226
810000	990000	0.6934907
820000	990000	1.5409654
830000	990000	1.4792209
840000	990000	0.9044196
850000	990000	1.1414267
860000	990000	2.0352886
870000	990000	2.4001002
880000	990000	2.2692037
890000	990000	1.5702766
900000	990000	3.0365355
910000	990000	2.1135902
920000	990000	1.4625288
930000	990000	3.3234122
940000	990000	2.414249
950000	990000	1.2579868
960000	990000	1.3158263
970000	990000	1.7634377
980000	990000	0.9953461
990000	990000	1.306578
210000	1000000	0.98049283
330000	1000000	0.94573164
370000	1000000	0.96885353
380000	1000000	2.3546374
390000	1000000	0.906254
410000	1000000	0.97563076
420000	1000000	0.70791566
430000	1000000	0.72454447
440000	1000000	0.9027339
450000	1000000	1.3345823
460000	1000000	0.94084233
470000	1000000	2.2660763
520000	1000000	0.6114191
530000	1000000	0.5212983
540000	1000000	0.6992662
550000	1000000	0.48014063
560000	1000000	0.39668897
570000	1000000	1.4860202
580000	1000000	1.1585884
590000	1000000	1.0800089
610000	1000000	0.9970126
620000	1000000	0.48090228
630000	1000000	0.5557118
640000	1000000	0.41545352
650000	1000000	0.93100387
660000	1000000	1.3978587
670000	1000000	0.9144454
680000	1000000	0.7355496
700000	1000000	1.457624
710000	1000000	1.088961
720000	1000000	1.0670215
730000	1000000	0.76089585
740000	1000000	0.64577866
750000	1000000	0.6449848
760000	1000000	1.1300818
770000	1000000	1.1889743
780000	1000000	0.8268401
790000	1000000	1.6330912
800000	1000000	1.0070688
810000	1000000	1.0334498
820000	1000000	1.1520911
830000	1000000	1.548462
840000	1000000	1.5809332
850000	1000000	1.7166595
860000	1000000	1.021503
870000	1000000	1.8223773
880000	1000000	2.0705638
890000	1000000	3.1182516
900000	1000000	2.6752918
910000	1000000	1.1497117
920000	1000000	3.449826
930000	1000000	1.4058393
940000	1000000	1.3524557
950000	1000000	1.9109885
960000	1000000	1.6085218
970000	1000000	1.4438787
980000	1000000	1.1970148
990000	1000000	1.275473
1000000	1000000	1.1565259
200000	1010000	0.8979229
210000	1010000	0.9771643
220000	1010000	1.0947485
230000	1010000	1.0796182
240000	1010000	2.686345
320000	1010000	1.2756758
380000	1010000	0.78779685
390000	1010000	0.9131145
420000	1010000	0.7108934
430000	1010000	0.7303758
450000	1010000	0.6701965
460000	1010000	0.9423461
490000	1010000	1.125659
530000	1010000	0.5238179
540000	1010000	0.7021945
550000	1010000	1.4558806
570000	1010000	0.49729675
580000	1010000	1.177045
610000	1010000	0.50276446
630000	1010000	2.2363582
640000	1010000	1.2612832
650000	1010000	1.879235
660000	1010000	2.3499205
670000	1010000	0.9240469
680000	1010000	1.857665
690000	1010000	2.29744
700000	1010000	1.4712253
710000	1010000	0.73318857
720000	1010000	0.36094552
730000	1010000	0.773001
740000	1010000	1.6338805
750000	1010000	0.9800711
760000	1010000	1.154622
770000	1010000	1.5073221
780000	1010000	1.4026659
790000	1010000	0.62070286
800000	1010000	1.8027608
810000	1010000	1.3204025
820000	1010000	0.9817034
830000	1010000	1.3617697
840000	1010000	1.6222174
850000	1010000	2.3531287
860000	1010000	1.3176855
870000	1010000	3.200723
880000	1010000	3.416063
890000	1010000	1.7520875
900000	1010000	1.7525433
910000	1010000	1.2163141
920000	1010000	1.5328938
930000	1010000	2.1911092
940000	1010000	1.3481688
950000	1010000	1.8994586
960000	1010000	1.1384465
970000	1010000	2.025606
980000	1010000	1.6393496
990000	1010000	1.0340364
1000000	1010000	1.259465
1010000	1010000	1.1338775
