180000	180000	41.508354
180000	190000	208.32408
190000	190000	113.29333
180000	200000	51.221508
190000	200000	36.40368
200000	200000	108.13198
190000	210000	18.906012
200000	210000	36.43178
210000	210000	134.43588
180000	220000	23.400452
190000	220000	12.421886
200000	220000	28.21999
210000	220000	55.941635
220000	220000	114.60612
180000	230000	5.8684406
190000	230000	15.859201
200000	230000	21.066715
210000	230000	25.507677
220000	230000	43.00855
230000	230000	133.57825
180000	240000	14.839791
190000	240000	7.161408
200000	240000	20.809515
210000	240000	22.115116
220000	240000	29.28091
230000	240000	37.764824
240000	240000	161.81543
180000	250000	10.402762
190000	250000	12.048431
200000	250000	7.0020313
210000	250000	18.732548
220000	250000	19.792978
230000	250000	35.297752
240000	250000	45.5593
250000	250000	108.84745
180000	260000	23.516508
190000	260000	9.078904
200000	260000	16.488342
210000	260000	19.713184
220000	260000	12.428905
230000	260000	19.117357
240000	260000	24.171465
250000	260000	54.516468
260000	260000	112.41492
180000	270000	5.448095
190000	270000	6.8357887
200000	270000	12.83477
210000	270000	8.795655
220000	270000	13.821205
230000	270000	16.175255
240000	270000	28.242619
250000	270000	18.432812
260000	270000	40.897606
270000	270000	97.965775
180000	280000	5.25675
190000	280000	9.132516
200000	280000	13.563422
210000	280000	14.362174
220000	280000	14.817538
230000	280000	11.147969
240000	280000	16.914225
250000	280000	28.324934
260000	280000	33.50481
270000	280000	40.017914
280000	280000	111.842896
180000	290000	5.1749496
190000	290000	9.989338
200000	290000	15.674512
210000	290000	12.853349
220000	290000	13.857614
230000	290000	13.901027
240000	290000	16.651022
250000	290000	16.211727
260000	290000	17.59117
270000	290000	31.244465
280000	290000	53.085136
290000	290000	108.3892
190000	300000	8.993785
200000	300000	11.760304
210000	300000	15.188727
220000	300000	9.029077
230000	300000	16.467934
240000	300000	18.739445
250000	300000	16.055645
260000	300000	19.797506
270000	300000	17.581621
280000	300000	29.502832
290000	300000	39.93514
300000	300000	129.9288
180000	310000	16.252207
190000	310000	6.2744102
200000	310000	14.585672
210000	310000	10.091658
220000	310000	8.016949
230000	310000	13.786396
240000	310000	7.262976
250000	310000	13.237587
260000	310000	16.113419
270000	310000	18.131779
280000	310000	25.727888
290000	310000	31.406143
300000	310000	37.625534
310000	310000	146.35817
190000	320000	7.8068995
200000	320000	12.703698
210000	320000	12.054229
220000	320000	9.12004
230000	320000	10.292187
240000	320000	14.459067
250000	320000	13.176634
260000	320000	13.747907
270000	320000	19.109955
280000	320000	18.438786
290000	320000	18.15186
300000	320000	30.64278
310000	320000	28.50344
320000	320000	163.92825
190000	330000	4.7070417
200000	330000	10.942123
210000	330000	14.384384
220000	330000	6.8734727
230000	330000	12.928136
240000	330000	10.897322
250000	330000	14.514237
260000	330000	12.951679
270000	330000	12.002118
280000	330000	18.528938
290000	330000	19.000633
300000	330000	22.239101
310000	330000	25.062452
320000	330000	51.08206
330000	330000	134.29836
180000	340000	13.247031
190000	340000	10.228434
200000	340000	14.860817
210000	340000	10.693308
220000	340000	8.401558
230000	340000	11.23717
240000	340000	13.023974
250000	340000	13.279804
260000	340000	15.948315
270000	340000	8.693561
280000	340000	15.098815
290000	340000	17.341171
300000	340000	24.162857
310000	340000	25.933752
320000	340000	37.430794
330000	340000	40.856373
340000	340000	164.87932
180000	350000	6.187124
190000	350000	12.540322
200000	350000	15.26988
210000	350000	8.452043
220000	350000	13.080031
230000	350000	13.121009
240000	350000	13.271876
250000	350000	17.83199
260000	350000	8.763268
270000	350000	10.557019
280000	350000	17.238255
290000	350000	15.427281
300000	350000	18.230328
310000	350000	16.957571
320000	350000	20.496523
330000	350000	19.082272
340000	350000	46.40232
350000	350000	119.89068
180000	360000	19.328024
190000	360000	13.058283
200000	360000	16.623335
210000	360000	8.801143
220000	360000	7.2641516
230000	360000	19.128136
240000	360000	9.213368
250000	360000	9.687921
260000	360000	13.687836
270000	360000	10.147442
280000	360000	10.60697
290000	360000	14.458035
300000	360000	18.07934
310000	360000	13.874127
320000	360000	13.810244
330000	360000	10.408324
340000	360000	19.533175
350000	360000	26.889175
360000	360000	122.99911
190000	370000	8.412991
200000	370000	9.026342
210000	370000	18.319317
220000	370000	14.17511
230000	370000	5.687807
240000	370000	7.191508
250000	370000	10.922773
260000	370000	11.39633
270000	370000	12.320933
280000	370000	12.737362
290000	370000	9.19538
300000	370000	5.6447415
310000	370000	11.813967
320000	370000	14.372807
330000	370000	11.817065
340000	370000	9.629461
350000	370000	24.986172
360000	370000	42.669834
370000	370000	138.6396
180000	380000	11.083353
190000	380000	7.488068
200000	380000	8.08181
210000	380000	6.193895
220000	380000	8.591373
230000	380000	10.185249
240000	380000	10.8967285
250000	380000	12.4996195
260000	380000	8.633983
270000	380000	9.455699
280000	380000	14.036309
290000	380000	10.363418
300000	380000	12.440778
310000	380000	5.424478
320000	380000	7.5593014
330000	380000	8.138851
340000	380000	11.495756
350000	380000	14.042465
360000	380000	25.80436
370000	380000	50.130276
380000	380000	122.81598
180000	390000	6.553032
190000	390000	8.85464
200000	390000	9.55674
210000	390000	3.2552357
220000	390000	5.5414352
230000	390000	10.191125
240000	390000	5.856991
250000	390000	9.853866
260000	390000	8.353377
270000	390000	9.461154
280000	390000	6.639174
290000	390000	13.071723
300000	390000	13.791767
310000	390000	8.980223
320000	390000	5.1079273
330000	390000	11.549029
340000	390000	8.365373
350000	390000	8.790996
360000	390000	22.376678
370000	390000	22.229643
380000	390000	35.87003
390000	390000	142.76709
180000	400000	6.026069
190000	400000	8.724208
200000	400000	11.492306
210000	400000	8.232031
220000	400000	5.0958204
230000	400000	5.963749
240000	400000	11.849202
250000	400000	6.040978
260000	400000	7.68164
270000	400000	3.9546976
280000	400000	5.342124
290000	400000	5.258995
300000	400000	7.609621
310000	400000	9.437803
320000	400000	7.04576
330000	400000	6.195183
340000	400000	5.769503
350000	400000	11.676986
360000	400000	20.577257
370000	400000	28.22949
380000	400000	26.549337
390000	400000	42.810802
400000	400000	131.22723
180000	410000	14.525608
190000	410000	5.607831
200000	410000	7.332819
210000	410000	9.019543
220000	410000	9.21246
230000	410000	6.16088
240000	410000	3.8948243
250000	410000	6.370676
260000	410000	5.143416
270000	410000	11.439176
280000	410000	5.5187073
290000	410000	11.771133
300000	410000	10.190388
310000	410000	14.218413
320000	410000	2.8305888
330000	410000	9.599946
340000	410000	6.9535823
350000	410000	6.4954443
360000	410000	11.272882
370000	410000	12.905294
380000	410000	13.574943
390000	410000	16.052368
400000	410000	27.414244
410000	410000	121.99566
180000	420000	5.3790045
190000	420000	5.1916156
200000	420000	7.8445745
210000	420000	7.3480954
220000	420000	6.822965
230000	420000	9.88627
240000	420000	0.961533
250000	420000	10.110585
260000	420000	6.8568044
270000	420000	8.472124
280000	420000	8.174571
290000	420000	6.706138
300000	420000	6.792518
310000	420000	10.530493
320000	420000	3.1446016
330000	420000	11.849912
340000	420000	5.1499877
350000	420000	12.026699
360000	420000	6.679171
370000	420000	8.68906
380000	420000	20.107847
390000	420000	16.13475
400000	420000	25.770002
410000	420000	52.70584
420000	420000	113.62029
180000	430000	5.6408606
190000	430000	7.077654
200000	430000	8.226458
210000	430000	7.005281
220000	430000	6.360102
230000	430000	7.177531
240000	430000	4.033366
250000	430000	6.361668
260000	430000	6.3916454
270000	430000	5.182658
280000	430000	7.143765
290000	430000	4.9228206
300000	430000	6.331721
310000	430000	5.521565
320000	430000	5.496141
330000	430000	8.284519
340000	430000	7.200927
350000	430000	12.612173
360000	430000	10.506481
370000	430000	14.579287
380000	430000	12.049555
390000	430000	21.372896
400000	430000	19.654194
410000	430000	21.713852
420000	430000	56.28627
430000	430000	118.81928
180000	440000	14.337536
190000	440000	5.5352225
200000	440000	2.4126256
210000	440000	8.9027605
220000	440000	10.103533
230000	440000	5.0675926
240000	440000	3.8443954
250000	440000	4.4915648
260000	440000	1.0153642
270000	440000	9.409221
280000	440000	3.6315022
290000	440000	6.256236
300000	440000	7.0409126
310000	440000	2.8068635
320000	440000	5.5878787
330000	440000	8.422799
340000	440000	4.5757
350000	440000	8.548458
360000	440000	11.126925
370000	440000	15.054237
380000	440000	9.570842
390000	440000	5.6587596
400000	440000	19.7741
410000	440000	22.578018
420000	440000	23.224743
430000	440000	49.684914
440000	440000	151.04742
180000	450000	10.819208
190000	450000	8.875953
200000	450000	6.0686154
210000	450000	9.405323
220000	450000	4.574519
230000	450000	6.1184673
240000	450000	4.8350143
250000	450000	4.0672407
260000	450000	4.597207
270000	450000	7.8102927
280000	450000	8.221073
290000	450000	9.442002
300000	450000	4.5541058
310000	450000	9.531358
320000	450000	8.433308
330000	450000	7.1503935
340000	450000	6.0424986
350000	450000	8.06341
360000	450000	11.755042
370000	450000	6.116943
380000	450000	10.83334
390000	450000	7.686254
400000	450000	14.921679
410000	450000	19.877125
420000	450000	19.628626
430000	450000	24.995064
440000	450000	39.239525
450000	450000	118.44173
190000	460000	5.995559
200000	460000	5.2265425
210000	460000	5.785895
220000	460000	4.3775167
230000	460000	7.6846538
240000	460000	4.164114
250000	460000	4.865105
260000	460000	12.097876
270000	460000	7.1342163
280000	460000	5.9002733
290000	460000	4.8403826
300000	460000	4.3579826
310000	460000	6.080592
320000	460000	4.539446
330000	460000	9.123281
340000	460000	7.434356
350000	460000	1.1574237
360000	460000	2.410459
370000	460000	13.797573
380000	460000	11.403481
390000	460000	18.388111
400000	460000	9.018362
410000	460000	14.945161
420000	460000	15.093736
430000	460000	12.662813
440000	460000	16.092714
450000	460000	38.454987
460000	460000	133.63817
180000	470000	9.533047
190000	470000	1.8401885
200000	470000	10.694386
210000	470000	7.1033487
220000	470000	5.374282
230000	470000	6.738898
240000	470000	6.816383
250000	470000	3.5837367
260000	470000	5.400936
270000	470000	3.753722
280000	470000	4.829181
290000	470000	2.377017
300000	470000	4.012725
310000	470000	5.598862
320000	470000	7.430776
330000	470000	4.200248
340000	470000	7.6059723
350000	470000	8.525822
360000	470000	13.316954
370000	470000	9.2396145
380000	470000	6.3636656
390000	470000	9.030041
400000	470000	12.455834
410000	470000	11.67612
420000	470000	9.882984
430000	470000	10.364099
440000	470000	16.464203
450000	470000	32.302418
460000	470000	57.067028
470000	470000	157.6378
180000	480000	11.447077
190000	480000	5.5241466
200000	480000	10.273271
210000	480000	6.3971615
220000	480000	4.8399916
230000	480000	3.2367694
240000	480000	5.115604
250000	480000	6.4549108
260000	480000	6.4853277
270000	480000	6.761083
280000	480000	7.248471
290000	480000	4.994974
300000	480000	7.22759
310000	480000	8.963991
320000	480000	5.5766973
330000	480000	1.6811891
340000	480000	5.4798527
350000	480000	5.9719467
360000	480000	11.548847
370000	480000	3.6982436
380000	480000	9.169623
390000	480000	9.939488
400000	480000	12.463915
410000	480000	13.018974
420000	480000	8.158751
430000	480000	17.111856
440000	480000	10.873423
450000	480000	23.869568
460000	480000	28.908926
470000	480000	51.265522
480000	480000	101.01914
180000	490000	9.818372
190000	490000	5.6857967
200000	490000	9.913023
210000	490000	8.535278
220000	490000	5.535135
230000	490000	5.5524755
240000	490000	3.510199
250000	490000	4.9213314
260000	490000	6.9532337
270000	490000	4.510417
280000	490000	4.973719
290000	490000	8.568565
300000	490000	7.576848
310000	490000	3.8442912
320000	490000	8.609828
330000	490000	5.0469556
340000	490000	5.4835343
350000	490000	8.049251
360000	490000	9.143688
370000	490000	7.9301314
380000	490000	7.209544
390000	490000	10.850363
400000	490000	7.839724
410000	490000	10.307647
420000	490000	17.81287
430000	490000	17.345734
440000	490000	18.652676
450000	490000	21.75296
460000	490000	32.14261
470000	490000	22.549435
480000	490000	50.09222
490000	490000	118.44415
180000	500000	5.2974463
190000	500000	12.270956
200000	500000	10.10275
210000	500000	6.5788007
220000	500000	7.4661255
230000	500000	11.234273
240000	500000	2.8408618
250000	500000	0.663819
260000	500000	4.5018926
270000	500000	5.5624447
280000	500000	8.050625
290000	500000	7.264903
300000	500000	2.9731236
310000	500000	10.370826
320000	500000	5.1615367
330000	500000	5.4461117
340000	500000	7.607853
350000	500000	6.3169847
360000	500000	7.4001365
370000	500000	8.557314
380000	500000	11.31598
390000	500000	10.035859
400000	500000	10.766962
410000	500000	9.2690525
420000	500000	8.924344
430000	500000	7.9189773
440000	500000	9.14904
450000	500000	15.18865
460000	500000	26.756783
470000	500000	24.332836
480000	500000	36.522934
490000	500000	53.254883
500000	500000	114.933464
180000	510000	18.265272
190000	510000	5.8763204
200000	510000	10.928209
210000	510000	4.5366607
220000	510000	10.297098
230000	510000	7.747018
240000	510000	3.2650392
250000	510000	6.8664227
260000	510000	4.3117366
270000	510000	6.3929896
280000	510000	7.710573
290000	510000	6.83153
300000	510000	5.9798365
310000	510000	2.383865
320000	510000	4.745777
330000	510000	3.5767355
340000	510000	6.8007364
350000	510000	9.075241
360000	510000	6.615057
370000	510000	5.901019
380000	510000	10.567052
390000	510000	8.650757
400000	510000	9.722908
410000	510000	8.522434
420000	510000	10.256865
430000	510000	10.756181
440000	510000	5.2575555
450000	510000	15.07608
460000	510000	12.52856
470000	510000	6.9915113
480000	510000	13.43241
490000	510000	25.922766
500000	510000	35.743225
510000	510000	132.17093
180000	520000	5.699297
190000	520000	3.8505247
200000	520000	3.8361597
210000	520000	6.3700666
220000	520000	4.819492
230000	520000	9.669181
240000	520000	4.0751495
250000	520000	6.427572
260000	520000	4.8433948
270000	520000	8.228546
280000	520000	5.052439
290000	520000	5.684364
300000	520000	3.198657
310000	520000	7.8102713
320000	520000	3.3318467
330000	520000	6.6962743
340000	520000	4.5472026
350000	520000	6.796175
360000	520000	9.730712
370000	520000	11.04774
380000	520000	7.6089883
390000	520000	4.498814
400000	520000	7.446675
410000	520000	13.961051
420000	520000	9.601321
430000	520000	9.294208
440000	520000	15.7489
450000	520000	7.4276466
460000	520000	12.793993
470000	520000	13.089332
480000	520000	14.145649
490000	520000	14.829206
500000	520000	11.637837
510000	520000	34.274765
520000	520000	143.20499
180000	530000	4.962965
190000	530000	3.8320556
200000	530000	3.897296
210000	530000	6.163415
220000	530000	9.093128
230000	530000	4.9116387
240000	530000	5.322979
250000	530000	6.219054
260000	530000	3.5147023
270000	530000	3.2570195
280000	530000	6.2852564
290000	530000	4.331216
300000	530000	2.7854002
310000	530000	3.8864045
320000	530000	4.835637
330000	530000	8.017812
340000	530000	1.5838872
350000	530000	2.959065
360000	530000	6.9328914
370000	530000	2.4051013
380000	530000	4.638151
390000	530000	3.1340647
400000	530000	1.4410193
410000	530000	6.9470434
420000	530000	1.9294293
430000	530000	9.442328
440000	530000	6.8570952
450000	530000	8.408422
460000	530000	9.284206
470000	530000	11.39823
480000	530000	12.318074
490000	530000	8.804535
500000	530000	15.201397
510000	530000	16.743198
520000	530000	45.65641
530000	530000	110.37224
180000	540000	6.7950234
190000	540000	1.9674913
200000	540000	5.335967
210000	540000	2.5315843
220000	540000	7.6614275
230000	540000	2.882036
240000	540000	3.6439674
250000	540000	6.8118343
260000	540000	3.8497124
270000	540000	5.351202
280000	540000	3.4421735
290000	540000	2.5414572
300000	540000	4.767024
310000	540000	5.321055
320000	540000	5.296554
330000	540000	3.991838
340000	540000	4.3371453
350000	540000	4.0513916
360000	540000	1.0546823
370000	540000	3.2929347
380000	540000	4.5359325
390000	540000	6.4364877
400000	540000	4.9324145
410000	540000	11.889395
420000	540000	7.044454
430000	540000	0.92342323
440000	540000	11.7354555
450000	540000	5.313396
460000	540000	11.44029
470000	540000	7.80292
480000	540000	8.43262
490000	540000	8.840109
500000	540000	16.476904
510000	540000	12.956976
520000	540000	13.0618515
530000	540000	35.7478
540000	540000	145.7195
190000	550000	3.701026
200000	550000	5.914913
210000	550000	5.3574023
220000	550000	4.053326
230000	550000	3.3883536
240000	550000	5.9977984
250000	550000	6.0064063
260000	550000	2.7156193
270000	550000	5.0330434
280000	550000	5.4633102
290000	550000	2.3903537
300000	550000	4.0352383
310000	550000	2.8151376
330000	550000	3.5198448
340000	550000	3.8243232
350000	550000	2.8578856
360000	550000	4.46389
370000	550000	3.8714395
380000	550000	2.5597477
390000	550000	9.83743
400000	550000	4.1752396
410000	550000	6.709503
420000	550000	1.8634562
430000	550000	5.211124
440000	550000	6.6226306
450000	550000	6.871542
460000	550000	4.4833755
470000	550000	9.90764
480000	550000	7.2703166
490000	550000	7.936583
500000	550000	9.787744
510000	550000	15.467624
520000	550000	13.8209095
530000	550000	25.216797
540000	550000	26.678776
550000	550000	122.87982
180000	560000	4.048895
190000	560000	2.3447058
200000	560000	5.4505696
210000	560000	2.514124
220000	560000	3.423864
230000	560000	4.007022
240000	560000	1.447534
250000	560000	3.551548
260000	560000	3.4408448
270000	560000	4.2514358
280000	560000	3.5893543
290000	560000	3.0287144
300000	560000	3.9766827
310000	560000	3.1706133
320000	560000	3.1560142
330000	560000	2.3785837
340000	560000	0.6460848
350000	560000	3.6211042
360000	560000	1.8853345
370000	560000	5.886402
380000	560000	3.2433467
390000	560000	5.113676
400000	560000	6.4658823
410000	560000	4.250662
420000	560000	4.722211
430000	560000	3.301396
440000	560000	4.8948965
450000	560000	5.8044243
460000	560000	6.0594063
470000	560000	4.6494617
480000	560000	8.932758
490000	560000	5.267483
500000	560000	6.7175493
510000	560000	9.502236
520000	560000	12.23052
530000	560000	21.300749
540000	560000	25.186947
550000	560000	43.01504
560000	560000	100.711174
180000	570000	5.1591787
190000	570000	1.4938344
200000	570000	3.4726098
210000	570000	2.5628357
220000	570000	3.635627
230000	570000	2.18821
240000	570000	4.6111884
250000	570000	3.878957
260000	570000	5.8458533
270000	570000	1.3543152
280000	570000	0.6533748
290000	570000	3.8592458
300000	570000	2.8955226
310000	570000	2.0200279
320000	570000	5.026817
330000	570000	2.2731276
340000	570000	4.1162677
350000	570000	4.61408
360000	570000	0.80077636
370000	570000	1.6667923
380000	570000	4.1327343
390000	570000	4.8869576
400000	570000	8.987946
410000	570000	9.027123
420000	570000	4.679991
430000	570000	6.310052
440000	570000	3.5640974
450000	570000	5.3789873
460000	570000	5.790758
470000	570000	5.9244328
480000	570000	5.691145
490000	570000	3.6610513
500000	570000	8.559629
510000	570000	15.134913
520000	570000	9.917321
530000	570000	18.505785
540000	570000	13.513131
550000	570000	19.660318
560000	570000	28.685102
570000	570000	103.24084
180000	580000	6.2304406
190000	580000	1.202678
200000	580000	3.494724
210000	580000	5.4162283
220000	580000	1.7562143
230000	580000	3.5234323
240000	580000	2.2274656
250000	580000	2.3421955
260000	580000	2.6473863
270000	580000	1.6355277
280000	580000	0.7890428
290000	580000	2.3302934
300000	580000	1.7483772
310000	580000	2.4394703
320000	580000	2.428238
330000	580000	0.9150413
340000	580000	0.99419546
350000	580000	4.6434636
360000	580000	3.8682044
370000	580000	2.0128882
380000	580000	1.663621
390000	580000	2.9508474
400000	580000	3.6180732
410000	580000	3.27046
420000	580000	3.2295732
430000	580000	3.3867927
440000	580000	1.0760384
450000	580000	4.8719177
460000	580000	5.827635
470000	580000	4.292756
480000	580000	1.7182163
490000	580000	7.3687315
500000	580000	9.541816
510000	580000	8.2249
520000	580000	8.554694
530000	580000	8.939344
540000	580000	9.179451
550000	580000	11.511576
560000	580000	21.270994
570000	580000	34.07348
580000	580000	144.95515
190000	590000	0.570532
200000	590000	2.6525497
210000	590000	0.7341074
220000	590000	1.6662422
230000	590000	3.3429246
240000	590000	4.2267027
250000	590000	2.2222035
260000	590000	3.3490121
270000	590000	6.2069545
280000	590000	2.9944785
290000	590000	2.210911
300000	590000	2.4882102
310000	590000	4.6289897
320000	590000	2.3038378
330000	590000	3.4726527
340000	590000	4.716311
350000	590000	3.5244608
360000	590000	4.587542
370000	590000	0.95488334
380000	590000	4.735178
390000	590000	4.666123
400000	590000	5.1490755
410000	590000	3.1029122
420000	590000	0.76603
430000	590000	3.213285
440000	590000	7.1463857
450000	590000	2.3111632
460000	590000	3.3174489
470000	590000	2.7152236
480000	590000	2.4452865
490000	590000	4.194736
500000	590000	3.7720761
510000	590000	7.803533
520000	590000	7.304789
530000	590000	9.894939
540000	590000	12.579929
550000	590000	13.652288
560000	590000	21.334482
570000	590000	27.919529
580000	590000	37.265926
590000	590000	131.32515
180000	600000	10.57559
190000	600000	0.51035833
200000	600000	3.5591805
210000	600000	2.6267262
220000	600000	1.4905047
230000	600000	0.7475871
240000	600000	0.9452287
250000	600000	3.975658
260000	600000	1.497897
270000	600000	1.3880777
280000	600000	2.6786528
290000	600000	2.63697
300000	600000	0.7419267
320000	600000	2.0608535
330000	600000	3.1063943
340000	600000	0.84377694
350000	600000	2.3645537
360000	600000	4.103697
370000	600000	3.4166896
380000	600000	1.4119205
390000	600000	3.3391917
400000	600000	3.0706706
410000	600000	1.8504332
420000	600000	1.3704747
430000	600000	2.1557865
440000	600000	0.9132372
450000	600000	3.4456773
460000	600000	4.945933
470000	600000	3.643276
480000	600000	8.020407
490000	600000	5.0030932
500000	600000	3.3742375
510000	600000	7.75611
520000	600000	6.5343575
530000	600000	10.115802
540000	600000	12.984383
550000	600000	16.486727
560000	600000	18.052761
570000	600000	18.402538
580000	600000	26.985891
590000	600000	40.664204
600000	600000	97.001
200000	610000	0.6429418
210000	610000	4.270502
220000	610000	3.2309947
230000	610000	2.4308374
240000	610000	2.0489898
250000	610000	1.4363512
260000	610000	2.435264
270000	610000	2.2567213
280000	610000	5.0807443
290000	610000	1.4290522
300000	610000	3.2165766
310000	610000	1.1220038
320000	610000	2.233675
330000	610000	1.683447
340000	610000	3.6581416
350000	610000	0.85428107
360000	610000	2.6686978
370000	610000	0.92580265
380000	610000	6.121292
390000	610000	5.4288206
400000	610000	2.496131
410000	610000	5.014023
420000	610000	1.4854016
430000	610000	3.8942816
440000	610000	1.9796412
450000	610000	3.734629
460000	610000	4.2885556
470000	610000	6.5813303
480000	610000	1.580544
490000	610000	3.3891554
500000	610000	4.388638
510000	610000	5.043919
520000	610000	4.721549
530000	610000	10.964105
540000	610000	8.443946
550000	610000	3.9709535
560000	610000	12.858086
570000	610000	22.082806
580000	610000	17.20524
590000	610000	22.853327
600000	610000	43.07632
610000	610000	109.204
190000	620000	0.54741406
200000	620000	2.5450687
210000	620000	2.1130843
220000	620000	1.5987263
230000	620000	4.009337
240000	620000	2.0277185
250000	620000	0.71071994
260000	620000	2.409983
270000	620000	5.2110176
280000	620000	1.4365712
290000	620000	1.4142168
300000	620000	0.79579604
310000	620000	2.2207117
320000	620000	2.2104864
330000	620000	2.4989557
340000	620000	2.715124
350000	620000	1.690825
360000	620000	0.8803311
370000	620000	4.580958
380000	620000	3.0288725
390000	620000	0.89541036
400000	620000	5.763841
410000	620000	4.9619703
420000	620000	2.2049716
430000	620000	1.5415415
440000	620000	6.8568144
450000	620000	2.9566867
460000	620000	5.3050437
470000	620000	1.3026015
480000	620000	4.692407
490000	620000	4.69556
500000	620000	1.4476928
510000	620000	5.8234825
520000	620000	3.115022
530000	620000	7.459569
540000	620000	8.356286
550000	620000	6.549549
560000	620000	11.064871
570000	620000	7.754488
580000	620000	21.283283
590000	620000	21.000645
600000	620000	24.56594
610000	620000	46.203976
620000	620000	118.57323
190000	630000	1.2937462
200000	630000	3.759349
210000	630000	3.329344
220000	630000	0.9445985
230000	630000	0.94755775
260000	630000	2.8478498
270000	630000	0.87968594
280000	630000	3.3951604
290000	630000	0.8355821
300000	630000	0.9403833
310000	630000	1.3120952
320000	630000	1.3060535
330000	630000	3.9373178
340000	630000	1.0694772
350000	630000	1.998029
370000	630000	1.0826534
380000	630000	2.6843886
390000	630000	4.2323856
410000	630000	4.6908045
420000	630000	3.4741206
430000	630000	4.554056
440000	630000	1.1575173
450000	630000	6.114297
460000	630000	1.2537822
470000	630000	1.5392696
480000	630000	3.6966436
490000	630000	3.9633505
500000	630000	2.5660837
510000	630000	3.932311
520000	630000	6.441727
530000	630000	3.2054145
540000	630000	7.6801906
550000	630000	9.287436
560000	630000	13.728996
570000	630000	10.829463
580000	630000	12.072104
590000	630000	14.317054
600000	630000	21.345072
610000	630000	25.911259
620000	630000	33.884422
630000	630000	139.60187
180000	640000	5.1539335
190000	640000	0.99487704
200000	640000	2.3127193
210000	640000	0.6400575
220000	640000	4.358317
230000	640000	2.1859853
240000	640000	0.92130005
250000	640000	2.5833423
260000	640000	2.9199548
270000	640000	2.7058764
280000	640000	0.6527105
290000	640000	4.4978757
300000	640000	2.169434
310000	640000	1.0089871
320000	640000	2.0086825
330000	640000	1.5138776
340000	640000	1.6448331
350000	640000	1.5364629
360000	640000	3.199849
370000	640000	0.83254886
380000	640000	3.4404438
400000	640000	2.2447019
410000	640000	2.7053838
420000	640000	2.6715615
430000	640000	3.5020204
440000	640000	2.6703553
450000	640000	4.030139
460000	640000	1.9282901
470000	640000	3.5510457
480000	640000	2.1320095
490000	640000	4.8764386
500000	640000	2.6310544
510000	640000	5.291834
520000	640000	2.1229796
530000	640000	6.1623235
540000	640000	9.280832
550000	640000	7.7370996
560000	640000	7.038301
570000	640000	13.452505
580000	640000	10.05693
590000	640000	13.211594
600000	640000	17.070698
610000	640000	24.906853
620000	640000	26.760996
630000	640000	29.126604
640000	640000	129.26872
190000	650000	1.7152915
200000	650000	1.3291384
210000	650000	4.4141545
220000	650000	3.3396797
230000	650000	0.83753556
240000	650000	1.0589571
250000	650000	2.2270014
260000	650000	4.195304
270000	650000	1.5550889
280000	650000	1.500472
290000	650000	2.954246
300000	650000	2.4935825
310000	650000	2.319492
330000	650000	2.610113
340000	650000	1.8905977
350000	650000	3.5320704
360000	650000	2.7584684
370000	650000	2.870835
380000	650000	2.3727007
390000	650000	4.6761975
400000	650000	1.7200643
410000	650000	3.1096115
420000	650000	1.535368
430000	650000	4.830334
440000	650000	2.046233
450000	650000	2.3161533
460000	650000	2.2164078
470000	650000	1.360543
480000	650000	4.901132
490000	650000	2.8025286
500000	650000	2.2681322
510000	650000	6.082519
520000	650000	2.440187
530000	650000	5.666459
540000	650000	4.848881
550000	650000	6.156794
560000	650000	8.089936
570000	650000	15.462526
580000	650000	8.891997
590000	650000	9.2801
600000	650000	12.829334
610000	650000	14.723145
620000	650000	19.427065
630000	650000	24.869808
640000	650000	38.984795
650000	650000	109.910706
190000	660000	1.1735104
200000	660000	0.6819939
210000	660000	1.5099638
230000	660000	0.85949534
240000	660000	1.0867225
250000	660000	0.7617974
260000	660000	1.7221211
270000	660000	1.5958626
280000	660000	1.5398135
290000	660000	2.2737787
320000	660000	3.5540218
330000	660000	1.7856992
340000	660000	1.9401683
350000	660000	0.9061699
360000	660000	5.661588
370000	660000	1.9640714
380000	660000	3.2465491
400000	660000	0.8825818
410000	660000	2.1274295
420000	660000	1.5756246
430000	660000	4.956983
440000	660000	1.049942
450000	660000	1.5845878
460000	660000	2.2745209
480000	660000	4.191365
490000	660000	2.157007
500000	660000	3.1034687
510000	660000	5.3502855
520000	660000	7.512502
530000	660000	7.268789
540000	660000	2.9856098
550000	660000	8.424296
560000	660000	7.709047
570000	660000	7.5561647
580000	660000	8.212627
590000	660000	8.657655
600000	660000	7.744537
610000	660000	17.627375
620000	660000	19.936432
630000	660000	27.485104
640000	660000	21.890598
650000	660000	43.381737
660000	660000	128.21526
190000	670000	2.3654704
200000	670000	1.3747098
210000	670000	3.0436666
230000	670000	2.5987551
250000	670000	0.7677858
260000	670000	1.7356584
270000	670000	0.8042037
280000	670000	2.3278766
290000	670000	2.2916524
300000	670000	1.7193857
310000	670000	2.3990192
320000	670000	3.5819592
330000	670000	1.7997363
340000	670000	0.9777098
350000	670000	2.7398794
360000	670000	2.8530464
370000	670000	4.9487762
380000	670000	3.2720697
390000	670000	1.934611
400000	670000	3.5580783
410000	670000	1.0720763
420000	670000	3.1760204
430000	670000	2.4979746
450000	670000	3.194088
470000	670000	2.8143823
480000	670000	3.3794498
490000	670000	1.4493086
500000	670000	3.9098308
510000	670000	3.5948954
520000	670000	4.2064204
530000	670000	5.128149
540000	670000	10.030264
550000	670000	5.6603456
560000	670000	9.562641
570000	670000	8.377119
580000	670000	8.2771845
590000	670000	9.598282
600000	670000	16.391373
610000	670000	9.305968
620000	670000	12.558218
630000	670000	12.861253
640000	670000	18.258768
650000	670000	23.610287
660000	670000	31.4084
670000	670000	123.00343
190000	680000	0.9768676
200000	680000	2.8385677
210000	680000	1.2569422
220000	680000	2.852948
230000	680000	0.7154714
240000	680000	1.809245
250000	680000	0.63414454
260000	680000	2.8670971
270000	680000	1.9926705
280000	680000	0.640895
290000	680000	1.261844
300000	680000	1.4201084
310000	680000	1.9814445
320000	680000	0.98616046
330000	680000	2.2297096
350000	680000	1.5086496
370000	680000	0.8174779
380000	680000	0.67563283
390000	680000	1.5978714
400000	680000	4.408136
410000	680000	3.5418804
420000	680000	1.9674003
430000	680000	1.3754505
440000	680000	1.7480106
450000	680000	3.297654
460000	680000	2.8400757
470000	680000	1.1622547
480000	680000	1.3956103
490000	680000	3.5911233
500000	680000	2.5834267
510000	680000	4.4537487
520000	680000	2.084549
530000	680000	7.8660035
540000	680000	5.799073
550000	680000	5.843878
560000	680000	6.910892
570000	680000	6.2899933
580000	680000	9.874877
590000	680000	8.64829
600000	680000	9.6702
610000	680000	12.577363
620000	680000	13.138281
630000	680000	16.342485
640000	680000	16.337355
650000	680000	18.778418
660000	680000	35.576824
670000	680000	49.30267
680000	680000	109.20637
190000	690000	0.88609123
200000	690000	1.5448745
210000	690000	2.2802792
220000	690000	1.2939174
230000	690000	2.595942
240000	690000	0.82055956
250000	690000	2.300864
260000	690000	1.3003347
270000	690000	2.4099996
280000	690000	0.58133924
290000	690000	1.144586
300000	690000	1.9322152
310000	690000	1.7973168
320000	690000	1.789041
330000	690000	2.6966822
340000	690000	0.7324886
360000	690000	2.1374686
380000	690000	2.451396
390000	690000	1.4493877
400000	690000	5.3313403
410000	690000	1.6063739
420000	690000	3.5691555
430000	690000	3.742906
440000	690000	3.9639378
450000	690000	2.392973
460000	690000	0.85871965
470000	690000	3.1627529
480000	690000	1.8988829
490000	690000	1.6287073
500000	690000	2.929199
510000	690000	2.01994
520000	690000	5.0422406
530000	690000	6.586198
540000	690000	6.011644
550000	690000	9.011411
560000	690000	6.2686906
570000	690000	10.269881
580000	690000	12.402338
590000	690000	13.074399
600000	690000	8.186815
610000	690000	9.507166
620000	690000	9.408468
630000	690000	10.376691
640000	690000	11.399377
650000	690000	18.99881
660000	690000	16.135406
670000	690000	23.03818
680000	690000	31.900116
690000	690000	98.48314
190000	700000	0.5112687
200000	700000	1.7827646
210000	700000	0.6578529
220000	700000	1.4931633
230000	700000	1.4978411
240000	700000	0.94691473
250000	700000	3.9827495
260000	700000	0.7502844
270000	700000	0.6952768
280000	700000	1.3417153
290000	700000	0.66041845
300000	700000	2.2297504
310000	700000	1.0370398
330000	700000	0.7779838
340000	700000	1.690564
350000	700000	0.7895904
360000	700000	2.4666102
370000	700000	3.4227839
380000	700000	3.5360975
390000	700000	5.0177217
400000	700000	0.7690369
410000	700000	1.8537339
420000	700000	4.1187577
430000	700000	3.5993862
440000	700000	6.404063
450000	700000	2.071094
460000	700000	1.9819019
480000	700000	4.3825707
490000	700000	1.8795063
500000	700000	4.0563073
510000	700000	6.9929504
520000	700000	5.0913434
530000	700000	2.5334613
540000	700000	5.203017
550000	700000	6.728795
560000	700000	6.2005587
570000	700000	3.950435
580000	700000	7.9511843
590000	700000	6.0350723
600000	700000	14.171211
610000	700000	10.239733
620000	700000	8.685797
630000	700000	10.263909
640000	700000	10.523783
650000	700000	9.072154
660000	700000	13.965032
670000	700000	21.112213
680000	700000	17.437408
690000	700000	39.24964
700000	700000	118.980095
200000	710000	1.2152944
210000	710000	4.036071
220000	710000	0.76340693
230000	710000	0.7657985
240000	710000	2.9047642
250000	710000	1.357502
260000	710000	1.5343862
270000	710000	2.8437831
280000	710000	1.3719527
290000	710000	3.3765092
320000	710000	1.0555282
330000	710000	3.9775836
340000	710000	0.8643316
350000	710000	3.2295396
360000	710000	0.8407329
370000	710000	0.8749803
380000	710000	1.4463153
390000	710000	3.4205353
410000	710000	1.8955103
420000	710000	4.2115793
430000	710000	1.4722013
440000	710000	1.8709679
450000	710000	2.1177688
460000	710000	1.0132834
470000	710000	1.244009
480000	710000	1.4937793
490000	710000	1.2812424
500000	710000	2.765148
510000	710000	2.3835154
520000	710000	2.974905
530000	710000	5.8287516
540000	710000	6.206987
550000	710000	10.633404
560000	710000	10.038803
570000	710000	5.385951
580000	710000	9.75645
590000	710000	7.713851
600000	710000	11.0404415
610000	710000	9.722606
620000	710000	14.062444
630000	710000	12.244425
640000	710000	14.123747
650000	710000	14.687961
660000	710000	17.453032
670000	710000	18.389782
680000	710000	23.773846
690000	710000	26.955797
700000	710000	41.475502
710000	710000	112.387054
190000	720000	3.1703587
200000	720000	3.684953
210000	720000	0.679887
220000	720000	3.8579385
230000	720000	1.5480099
240000	720000	1.9572614
250000	720000	0.6860246
280000	720000	2.7733095
290000	720000	0.6825385
310000	720000	1.0717744
320000	720000	1.0668393
330000	720000	1.6080831
340000	720000	2.6207817
350000	720000	2.4481108
360000	720000	5.0984535
370000	720000	0.8843567
380000	720000	2.9236283
410000	720000	3.8316457
420000	720000	0.70945185
430000	720000	2.9759552
440000	720000	0.9455087
450000	720000	3.5674386
460000	720000	2.0482838
470000	720000	3.77202
480000	720000	3.0195737
490000	720000	1.2949724
500000	720000	4.8908644
510000	720000	4.0150957
520000	720000	2.2550883
530000	720000	6.5457926
540000	720000	4.481073
550000	720000	8.218564
560000	720000	6.4082403
570000	720000	8.84596
580000	720000	6.5740013
590000	720000	10.135468
600000	720000	7.6716423
610000	720000	11.33861
620000	720000	9.724779
630000	720000	9.723715
640000	720000	14.954866
650000	720000	10.1573515
660000	720000	10.423672
670000	720000	11.313735
680000	720000	11.346844
690000	720000	20.584854
700000	720000	31.43997
710000	720000	36.434982
720000	720000	127.08382
180000	730000	6.0469074
190000	730000	0.5836251
210000	730000	1.5019087
220000	730000	2.556721
230000	730000	2.5647306
240000	730000	3.2427754
250000	730000	0.75773346
270000	730000	3.1746984
280000	730000	1.5315992
290000	730000	1.5077659
300000	730000	3.393749
310000	730000	4.7352195
320000	730000	1.178354
330000	730000	0.88808656
350000	730000	1.8026716
360000	730000	1.8771285
370000	730000	0.9767968
380000	730000	0.8073074
390000	730000	2.8639228
400000	730000	0.8778735
410000	730000	2.1160803
420000	730000	3.9180477
430000	730000	1.6435131
440000	730000	1.044341
450000	730000	3.1522691
460000	730000	1.1311935
470000	730000	1.3887674
480000	730000	3.3352041
490000	730000	2.8606668
500000	730000	4.630369
510000	730000	3.547829
520000	730000	2.4908085
530000	730000	10.122017
550000	730000	6.982796
560000	730000	2.3593605
570000	730000	4.509513
580000	730000	4.5382304
590000	730000	6.889175
600000	730000	4.6219335
610000	730000	7.5142875
620000	730000	12.393799
630000	730000	10.740117
640000	730000	9.760677
650000	730000	13.808099
660000	730000	7.9707036
670000	730000	10.711146
680000	730000	11.795677
690000	730000	10.03083
700000	730000	27.009369
710000	730000	17.359924
720000	730000	49.447693
730000	730000	118.92274
180000	740000	5.2791862
190000	740000	1.5285823
200000	740000	0.592231
210000	740000	0.6556124
220000	740000	2.2321172
230000	740000	1.4927399
250000	740000	1.3230617
260000	740000	2.2431874
270000	740000	1.3858178
280000	740000	0.6685729
290000	740000	1.3163384
300000	740000	2.2221565
320000	740000	2.0574982
330000	740000	0.7753342
340000	740000	1.6848063
350000	740000	1.5738026
360000	740000	0.8194032
370000	740000	4.2639084
390000	740000	3.3337553
400000	740000	3.832089
410000	740000	1.8474206
420000	740000	4.10473
430000	740000	0.7174255
440000	740000	0.9117504
450000	740000	2.7520537
460000	740000	4.93788
470000	740000	1.2124481
480000	740000	1.4558816
490000	740000	0.6243684
500000	740000	4.042493
510000	740000	5.420438
520000	740000	7.9734344
530000	740000	3.7872496
540000	740000	3.4568648
550000	740000	5.486628
560000	740000	5.664488
570000	740000	8.530125
580000	740000	3.9620523
590000	740000	4.5108886
600000	740000	8.742778
610000	740000	10.933777
620000	740000	9.377567
630000	740000	8.524128
640000	740000	12.454431
650000	740000	8.287818
660000	740000	7.7319283
670000	740000	17.143957
680000	740000	17.378021
690000	740000	12.844049
700000	740000	18.190466
710000	740000	21.35603
720000	740000	15.318304
730000	740000	43.067814
740000	740000	103.39967
190000	750000	1.047994
200000	750000	0.6090492
220000	750000	1.5303366
230000	750000	1.5351309
240000	750000	1.9409775
250000	750000	2.0409513
270000	750000	1.4251723
280000	750000	0.68755907
290000	750000	2.0305798
310000	750000	1.0628575
320000	750000	1.0579635
330000	750000	1.5947044
340000	750000	3.4653032
350000	750000	2.4277432
360000	750000	1.6853453
370000	750000	0.8769991
380000	750000	3.6241307
390000	750000	0.85710686
400000	750000	1.5763651
410000	750000	2.8498256
420000	750000	0.70354944
430000	750000	2.9511962
440000	750000	2.812927
450000	750000	3.5377586
460000	750000	1.0156213
470000	750000	2.4937587
480000	750000	0.7486129
490000	750000	3.8525958
500000	750000	3.4644098
510000	750000	1.5926765
520000	750000	5.2180953
530000	750000	3.8948
540000	750000	1.7775166
550000	750000	5.6424375
560000	750000	5.825348
570000	750000	8.772364
580000	750000	9.778961
590000	750000	3.8658245
600000	750000	6.9161963
610000	750000	10.494657
620000	750000	8.160199
630000	750000	7.889577
640000	750000	6.7411118
650000	750000	4.6490054
660000	750000	8.74665
670000	750000	7.2126045
680000	750000	9.928624
690000	750000	13.208796
700000	750000	14.549919
710000	750000	14.1693535
720000	750000	17.901493
730000	750000	18.190887
740000	750000	30.38172
750000	750000	122.8477
190000	760000	2.383624
200000	760000	2.2164161
210000	760000	1.8402151
220000	760000	2.0884166
240000	760000	1.7658728
250000	760000	0.6189425
260000	760000	0.69959146
270000	760000	1.2966008
280000	760000	1.2510624
290000	760000	1.2315946
300000	760000	1.3860649
310000	760000	3.8678885
320000	760000	0.9625197
330000	760000	2.9016774
340000	760000	1.576341
350000	760000	1.4724835
360000	760000	1.5333024
370000	760000	0.7978809
380000	760000	1.3188725
390000	760000	1.5595665
400000	760000	2.1512308
410000	760000	0.8642432
420000	760000	2.5603158
430000	760000	2.684955
440000	760000	1.7061065
450000	760000	1.2874403
460000	760000	1.8479947
480000	760000	3.4053853
490000	760000	2.9208627
500000	760000	2.5214953
510000	760000	2.8979874
520000	760000	6.1037316
530000	760000	5.90572
540000	760000	6.468634
550000	760000	3.99265
560000	760000	8.672427
570000	760000	6.753127
580000	760000	4.4483776
590000	760000	10.551211
600000	760000	9.438381
610000	760000	11.593861
620000	760000	6.074206
630000	760000	6.3802857
640000	760000	6.1329646
650000	760000	9.164126
660000	760000	10.127821
670000	760000	8.749229
680000	760000	3.6131666
690000	760000	10.924699
700000	760000	10.715912
710000	760000	12.246517
720000	760000	13.680674
730000	760000	17.269358
740000	760000	29.525446
750000	760000	41.346603
760000	760000	115.78839
190000	770000	1.55115
200000	770000	3.6058474
210000	770000	1.3305835
220000	770000	1.5100478
240000	770000	2.8728666
250000	770000	0.6712976
260000	770000	0.75876844
270000	770000	1.4062777
280000	770000	2.0353308
300000	770000	1.5033092
310000	770000	2.0975327
320000	770000	1.0439373
340000	770000	0.8548403
350000	770000	3.1940758
370000	770000	0.865372
380000	770000	2.1456497
390000	770000	0.84574354
400000	770000	2.333199
420000	770000	2.0826657
440000	770000	1.8504226
450000	770000	2.7926846
480000	770000	0.738688
490000	770000	4.4351053
500000	770000	2.7347836
510000	770000	1.5715612
520000	770000	5.1489153
530000	770000	5.1242185
540000	770000	4.3848767
550000	770000	6.804883
560000	770000	8.360897
570000	770000	5.992658
580000	770000	4.0205474
590000	770000	3.0516577
600000	770000	5.459603
610000	770000	3.6984005
620000	770000	8.784015
630000	770000	10.379972
640000	770000	6.6517396
650000	770000	9.17474
660000	770000	8.630689
670000	770000	5.5354304
680000	770000	9.796992
690000	770000	9.479037
700000	770000	6.836676
710000	770000	16.7778
720000	770000	14.131328
730000	770000	17.169294
740000	770000	17.71482
750000	770000	22.422014
760000	770000	45.898243
770000	770000	118.920525
190000	780000	1.9840056
200000	780000	2.306038
210000	780000	2.5528333
220000	780000	1.4485751
230000	780000	2.9062264
240000	780000	1.8372767
250000	780000	0.6439697
260000	780000	0.7278797
270000	780000	1.3490294
280000	780000	1.3016496
290000	780000	0.6406973
300000	780000	0.7210555
310000	780000	2.012144
320000	780000	1.0014396
330000	780000	1.509504
340000	780000	1.640081
350000	780000	0.766012
360000	780000	1.5953021
370000	780000	1.6602871
380000	780000	2.0583024
390000	780000	2.4339423
400000	780000	0.74607223
410000	780000	0.89918923
420000	780000	1.3319216
430000	780000	1.3967611
440000	780000	2.6626406
450000	780000	2.0092478
460000	780000	0.96135956
470000	780000	1.1802621
480000	780000	1.4172333
490000	780000	1.8233813
500000	780000	2.6234531
510000	780000	3.768961
520000	780000	3.528077
530000	780000	6.1445203
540000	780000	5.047647
550000	780000	9.495073
560000	780000	7.51925
570000	780000	3.8324685
580000	780000	3.0854998
590000	780000	2.9274278
600000	780000	7.856021
610000	780000	6.3861156
620000	780000	5.617617
630000	780000	9.957413
640000	780000	1.914286
650000	780000	4.4006224
660000	780000	2.2580023
670000	780000	9.861592
680000	780000	6.8919888
690000	780000	8.524833
700000	780000	7.2141976
710000	780000	10.729861
720000	780000	14.91166
730000	780000	12.727087
740000	780000	11.764846
750000	780000	23.525726
760000	780000	20.791836
770000	780000	31.836107
780000	780000	124.70536
190000	790000	1.513853
200000	790000	2.199466
210000	790000	1.9478848
220000	790000	1.1053042
230000	790000	0.55438346
240000	790000	1.4018947
250000	790000	1.9654691
270000	790000	1.5440221
280000	790000	0.99319583
290000	790000	1.9554814
300000	790000	1.6505579
310000	790000	2.3029852
320000	790000	0.7641271
330000	790000	0.57589734
340000	790000	2.5028574
350000	790000	0.58448905
360000	790000	1.2172612
370000	790000	1.2668465
380000	790000	1.5705435
390000	790000	1.8571676
400000	790000	1.138549
410000	790000	2.0583212
420000	790000	0.5081471
430000	790000	1.0657687
440000	790000	4.0633416
450000	790000	1.0220757
460000	790000	0.7335448
470000	790000	2.7017212
480000	790000	3.2441688
490000	790000	3.2463481
500000	790000	4.0035396
510000	790000	1.1503301
520000	790000	3.2304282
530000	790000	2.3442223
540000	790000	3.2095826
550000	790000	4.980946
560000	790000	3.8249352
570000	790000	5.848566
580000	790000	2.3543246
590000	790000	9.493272
600000	790000	5.4948378
610000	790000	5.955631
620000	790000	6.965404
630000	790000	7.5977907
640000	790000	3.89508
650000	790000	7.8348684
660000	790000	6.317374
670000	790000	7.524677
680000	790000	6.6929984
690000	790000	11.708444
700000	790000	5.504639
710000	790000	11.769087
720000	790000	8.792109
730000	790000	15.423561
740000	790000	10.971784
750000	790000	19.48944
760000	790000	20.530872
770000	790000	25.8101
780000	790000	44.17853
790000	790000	83.34762
180000	800000	5.0283012
190000	800000	0.48531297
200000	800000	1.6922585
210000	800000	1.8733664
220000	800000	0.70867974
230000	800000	2.8435996
240000	800000	2.6965272
260000	800000	0.7121945
270000	800000	3.2998974
280000	800000	2.5472002
300000	800000	1.4110347
330000	800000	0.73848766
340000	800000	1.6047387
350000	800000	2.2485151
360000	800000	0.7804623
370000	800000	0.8122546
380000	800000	1.3426317
390000	800000	1.5876619
400000	800000	2.189985
410000	800000	0.8798124
420000	800000	1.9548297
430000	800000	1.366662
440000	800000	0.8684209
450000	800000	2.6212668
460000	800000	1.8812861
470000	800000	4.6193137
480000	800000	2.0800397
490000	800000	0.59469634
500000	800000	1.2834599
510000	800000	2.9501944
520000	800000	2.07123
530000	800000	6.0121107
540000	800000	4.9388742
550000	800000	6.3871927
560000	800000	2.4524055
570000	800000	3.749882
580000	800000	3.7737622
590000	800000	5.012602
600000	800000	3.8433652
610000	800000	6.2485
620000	800000	3.4353511
630000	800000	4.8714194
640000	800000	6.867794
650000	800000	5.0234246
660000	800000	8.100928
670000	800000	2.2267115
680000	800000	4.904343
690000	800000	10.009356
700000	800000	10.267255
710000	800000	7.873981
720000	800000	7.295163
730000	800000	8.790232
740000	800000	13.429877
750000	800000	9.865186
760000	800000	8.975201
770000	800000	17.521912
780000	800000	21.166399
790000	800000	38.001335
800000	800000	109.03353
180000	810000	5.3608923
190000	810000	0.5174134
200000	810000	3.6083815
210000	810000	1.3315187
230000	810000	0.7579215
240000	810000	4.7914762
250000	810000	1.3435388
260000	810000	1.5186034
270000	810000	2.110899
280000	810000	0.6789204
290000	810000	0.6683557
300000	810000	2.2565486
320000	810000	1.0446709
330000	810000	0.787334
340000	810000	0.8554411
350000	810000	2.3972404
380000	810000	2.862877
390000	810000	0.8463379
400000	810000	0.77827966
410000	810000	0.9380066
420000	810000	2.7788393
430000	810000	2.9141164
440000	810000	0.92586154
450000	810000	2.0959854
460000	810000	1.0028608
470000	810000	3.6936395
480000	810000	2.2176213
490000	810000	5.706286
500000	810000	2.7367055
510000	810000	1.5726657
530000	810000	3.2048874
540000	810000	4.3879585
550000	810000	2.476242
560000	810000	3.6604636
570000	810000	6.663189
580000	810000	4.8280478
590000	810000	7.634506
600000	810000	8.19516
610000	810000	2.9607997
620000	810000	4.395094
630000	810000	2.5968168
640000	810000	3.9938488
650000	810000	3.825495
660000	810000	4.710957
670000	810000	2.3739946
680000	810000	5.882327
690000	810000	2.964281
700000	810000	2.0524442
710000	810000	4.896964
720000	810000	7.777693
730000	810000	10.933593
740000	810000	7.499999
750000	810000	4.9082627
760000	810000	8.930931
770000	810000	17.297108
780000	810000	17.920395
790000	810000	15.699519
800000	810000	46.10852
810000	810000	101.77848
190000	820000	0.39966598
200000	820000	0.9290749
210000	820000	0.5142529
220000	820000	2.334454
230000	820000	2.9272091
250000	820000	1.0377905
260000	820000	0.586508
270000	820000	0.54350775
280000	820000	0.52441895
300000	820000	0.58100915
310000	820000	1.6213374
320000	820000	0.80693597
330000	820000	0.608161
340000	820000	1.3215379
350000	820000	0.61723405
360000	820000	0.64272803
370000	820000	0.6689097
380000	820000	1.105687
390000	820000	0.6537374
400000	820000	1.2023342
410000	820000	1.4490901
430000	820000	1.6882148
440000	820000	0.7151639
450000	820000	0.53966784
460000	820000	1.5492809
470000	820000	0.95102686
480000	820000	1.1419725
490000	820000	2.448728
500000	820000	2.1139154
510000	820000	2.4295506
520000	820000	2.2742717
530000	820000	5.4462175
540000	820000	0.67787874
550000	820000	6.216357
560000	820000	4.4431424
570000	820000	6.176222
580000	820000	5.5939984
590000	820000	4.127989
600000	820000	6.330193
610000	820000	4.574025
620000	820000	5.658176
630000	820000	4.011722
640000	820000	4.627457
650000	820000	6.5008454
660000	820000	2.4259253
670000	820000	5.501239
680000	820000	4.0388355
690000	820000	8.700867
700000	820000	8.983769
710000	820000	6.484398
720000	820000	4.9154143
730000	820000	6.635705
740000	820000	8.426516
750000	820000	8.124199
760000	820000	8.869533
770000	820000	12.291952
780000	820000	12.816911
790000	820000	21.90646
800000	820000	18.058632
810000	820000	47.59794
820000	820000	98.73146
180000	830000	4.974988
190000	830000	0.9603347
200000	830000	2.7905266
210000	830000	2.4713383
220000	830000	0.7011659
230000	830000	3.5168126
240000	830000	2.667937
250000	830000	1.8702362
270000	830000	1.9589459
280000	830000	1.2600965
290000	830000	2.4809763
300000	830000	1.3960739
310000	830000	0.9739549
330000	830000	2.1919732
340000	830000	0.7938621
350000	830000	0.7415583
360000	830000	1.5443748
370000	830000	0.8036426
380000	830000	1.3283963
400000	830000	1.4445103
410000	830000	0.8704841
420000	830000	0.6447011
440000	830000	1.7184267
450000	830000	1.9451059
460000	830000	0.9306698
480000	830000	1.3719906
490000	830000	2.353564
500000	830000	1.9047779
520000	830000	4.7816286
530000	830000	5.35353
540000	830000	4.072091
550000	830000	2.2979896
560000	830000	3.3969648
570000	830000	4.946831
580000	830000	4.4805
590000	830000	2.8339744
600000	830000	1.9013077
610000	830000	6.1822495
620000	830000	2.719142
630000	830000	4.0164747
640000	830000	4.3240767
650000	830000	2.13007
660000	830000	4.3718386
670000	830000	2.93747
680000	830000	6.06543
690000	830000	6.6021533
700000	830000	4.444298
710000	830000	5.193664
720000	830000	5.24932
730000	830000	3.6237636
740000	830000	5.061899
750000	830000	5.205647
760000	830000	8.288037
770000	830000	13.483659
780000	830000	9.855049
790000	830000	17.389269
800000	830000	14.464021
810000	830000	28.271332
820000	830000	37.22326
830000	830000	93.6156
180000	840000	5.2976
190000	840000	0.5113047
200000	840000	0.59429663
210000	840000	1.9736974
220000	840000	0.7466342
230000	840000	0.74897325
250000	840000	0.66383827
260000	840000	1.5006744
280000	840000	2.6836195
290000	840000	0.6604649
300000	840000	1.4866048
320000	840000	1.0323373
330000	840000	3.112154
340000	840000	0.84534144
350000	840000	0.78964597
360000	840000	1.6445224
370000	840000	0.85575616
380000	840000	2.1218078
390000	840000	1.6726916
400000	840000	0.769091
410000	840000	0.92693216
420000	840000	0.6865079
430000	840000	1.4398558
450000	840000	2.761653
460000	840000	1.9820414
470000	840000	1.2166771
480000	840000	0.73047984
490000	840000	0.6265462
500000	840000	1.3521976
510000	840000	1.5540984
520000	840000	1.4547719
530000	840000	3.1670494
540000	840000	2.6016917
550000	840000	4.8940134
560000	840000	2.5837479
570000	840000	0.65845215
580000	840000	2.385523
590000	840000	0.7544371
600000	840000	5.3989367
630000	840000	5.987702
640000	840000	1.973348
650000	840000	2.268198
660000	840000	8.534786
670000	840000	4.6919327
680000	840000	6.4587536
690000	840000	7.030281
700000	840000	2.7042835
710000	840000	2.073921
720000	840000	7.685867
730000	840000	6.1740046
740000	840000	7.411452
750000	840000	3.4645102
760000	840000	6.303921
770000	840000	10.939451
780000	840000	9.838235
790000	840000	7.0063972
800000	840000	16.685463
810000	840000	15.736514
820000	840000	23.782238
830000	840000	41.27138
840000	840000	112.91177
190000	850000	1.353719
200000	850000	0.7867234
210000	850000	1.7418393
220000	850000	1.9767723
260000	850000	0.9932881
270000	850000	0.9204645
280000	850000	0.88813645
330000	850000	1.0299588
340000	850000	1.1190537
370000	850000	1.1328406
390000	850000	1.1071454
410000	850000	1.2270626
430000	850000	0.9530326
450000	850000	0.9139614
460000	850000	1.3119023
480000	850000	0.96700114
490000	850000	0.82941496
500000	850000	1.7900244
510000	850000	5.1432457
520000	850000	0.9629055
530000	850000	2.5155032
540000	850000	4.592121
550000	850000	7.288471
560000	850000	6.1566067
570000	850000	3.4866068
580000	850000	2.1052861
590000	850000	1.997431
600000	850000	1.7867632
610000	850000	0.9682999
620000	850000	2.874743
630000	850000	2.2647011
640000	850000	1.7415309
660000	850000	3.0813427
670000	850000	2.0703764
680000	850000	4.2750134
690000	850000	2.3266523
700000	850000	3.5799005
710000	850000	1.8302892
720000	850000	2.7748544
730000	850000	2.0432699
740000	850000	3.5677085
750000	850000	7.338049
760000	850000	8.345061
770000	850000	7.2407627
780000	850000	9.550748
790000	850000	7.9499927
800000	850000	11.044016
810000	850000	14.491703
820000	850000	18.189985
830000	850000	21.01331
840000	850000	24.166029
850000	850000	149.29004
220000	860000	1.8507344
230000	860000	3.7130647
270000	860000	0.86177623
290000	860000	0.81857026
300000	860000	1.8424757
310000	860000	1.2853818
320000	860000	2.5589266
330000	860000	0.9642892
350000	860000	0.9786753
370000	860000	1.0606114
390000	860000	2.0731087
410000	860000	1.1488258
440000	860000	2.2679021
460000	860000	1.2282561
470000	860000	3.0158625
510000	860000	1.926126
530000	860000	0.78503865
540000	860000	1.0748324
550000	860000	0.7581958
560000	860000	1.9213549
570000	860000	2.448227
580000	860000	6.8986897
590000	860000	4.67519
600000	860000	3.3456802
610000	860000	0.9065616
620000	860000	1.7943006
630000	860000	2.120305
640000	860000	1.6304919
650000	860000	2.8111703
660000	860000	2.884878
670000	860000	6.784296
680000	860000	2.4014645
690000	860000	2.9044082
700000	860000	3.351648
720000	860000	4.3298855
730000	860000	8.608464
740000	860000	0.83505833
750000	860000	5.152634
760000	860000	7.0316863
770000	860000	3.3895478
780000	860000	8.941797
790000	860000	13.0254345
800000	860000	10.339855
810000	860000	8.479825
820000	860000	11.135131
830000	860000	24.395153
840000	860000	8.379709
850000	860000	36.606792
860000	860000	126.70537
190000	870000	0.47488022
200000	870000	1.1039201
210000	870000	0.6110316
220000	870000	1.3868906
230000	870000	1.3912355
240000	870000	1.7590402
250000	870000	1.8496429
260000	870000	1.393769
270000	870000	2.5831678
280000	870000	0.62311083
290000	870000	0.6134146
300000	870000	0.6903509
310000	870000	0.9632306
340000	870000	2.3553627
350000	870000	0.733393
360000	870000	1.5273696
380000	870000	1.3137693
390000	870000	0.77676606
400000	870000	0.71430236
420000	870000	0.63760227
430000	870000	0.6686415
450000	870000	2.5649178
460000	870000	2.7612665
480000	870000	0.67844176
500000	870000	2.511739
510000	870000	1.4433872
520000	870000	2.0267048
530000	870000	1.1765738
540000	870000	4.027253
550000	870000	2.840858
560000	870000	2.3996863
570000	870000	3.669271
580000	870000	3.692638
590000	870000	2.102077
600000	870000	3.1339538
620000	870000	2.016901
630000	870000	1.5888996
640000	870000	4.276464
650000	870000	2.1066155
660000	870000	3.6030834
670000	870000	7.262813
680000	870000	2.3994575
690000	870000	3.8088498
700000	870000	5.651179
710000	870000	2.5682383
720000	870000	5.84046
730000	870000	2.1503172
740000	870000	5.006162
750000	870000	7.0789504
760000	870000	4.0983887
770000	870000	1.9050272
780000	870000	3.045792
790000	870000	6.507274
800000	870000	7.1523786
810000	870000	8.26092
820000	870000	12.271131
830000	870000	12.973665
840000	870000	13.814965
850000	870000	25.769594
860000	870000	28.017916
870000	870000	120.72627
190000	880000	0.952416
200000	880000	0.55350333
210000	880000	1.2254801
220000	880000	0.6953842
230000	880000	1.3951254
250000	880000	0.61827147
270000	880000	1.9427928
280000	880000	0.624853
290000	880000	1.2302593
300000	880000	2.0768433
310000	880000	0.96592385
320000	880000	1.9229524
340000	880000	1.5746322
350000	880000	0.7354436
390000	880000	0.7789379
420000	880000	0.63938504
430000	880000	0.670511
440000	880000	0.85212845
450000	880000	1.2860446
470000	880000	1.1331627
480000	880000	1.3606774
490000	880000	2.3341568
500000	880000	1.2593809
520000	880000	2.0323715
530000	880000	2.359727
540000	880000	0.80770266
550000	880000	3.4185612
560000	880000	3.8502333
570000	880000	1.2265102
580000	880000	0.7405925
590000	880000	2.1079545
600000	880000	0.62854326
610000	880000	2.0437572
620000	880000	3.3709004
630000	880000	2.3900135
640000	880000	2.4505262
650000	880000	1.4083371
660000	880000	1.445263
670000	880000	1.456624
680000	880000	3.6092496
690000	880000	3.8194993
700000	880000	3.148322
710000	880000	2.575419
720000	880000	1.3015088
730000	880000	2.875106
740000	880000	4.3926396
750000	880000	3.8720417
760000	880000	5.8712115
770000	880000	4.457492
780000	880000	3.6651697
790000	880000	6.5254683
800000	880000	5.3792825
810000	880000	8.921249
820000	880000	8.3677
830000	880000	10.644496
840000	880000	12.594174
850000	880000	15.838428
860000	880000	23.413544
870000	880000	30.412169
880000	880000	106.15372
190000	890000	0.7021431
200000	890000	0.81611085
240000	890000	1.300431
280000	890000	0.9213122
330000	890000	1.0684322
340000	890000	1.1608552
360000	890000	1.1291605
380000	890000	1.9424983
390000	890000	1.148502
400000	890000	1.0561452
410000	890000	3.818696
430000	890000	0.9886325
450000	890000	1.8962036
470000	890000	5.0123625
510000	890000	2.1341472
520000	890000	0.9988742
530000	890000	2.609468
540000	890000	4.7636566
550000	890000	1.6801616
560000	890000	1.4192405
570000	890000	1.8084233
590000	890000	3.1080656
600000	890000	1.8535066
610000	890000	2.0089402
620000	890000	0.99404234
630000	890000	1.1746488
640000	890000	4.5164614
650000	890000	5.1912937
660000	890000	3.196444
670000	890000	3.2215707
680000	890000	1.7738814
690000	890000	0.8045209
700000	890000	3.7136252
710000	890000	0.9493292
720000	890000	1.9190048
730000	890000	3.179392
740000	890000	0.92524445
750000	890000	2.8545587
760000	890000	6.05975
770000	890000	4.694523
780000	890000	2.7020478
790000	890000	7.5597124
800000	890000	7.931463
810000	890000	4.697822
820000	890000	10.160478
830000	890000	6.103509
840000	890000	16.71249
850000	890000	12.291005
860000	890000	17.261005
870000	890000	18.971237
880000	890000	39.77804
890000	890000	144.07645
210000	900000	0.6709417
220000	900000	0.7614359
240000	900000	1.9315097
260000	900000	1.5304246
270000	900000	1.4182205
280000	900000	0.68420523
290000	900000	1.3471167
300000	900000	0.75803804
330000	900000	1.5869256
340000	900000	0.8621
350000	900000	1.6106007
360000	900000	0.8385622
370000	900000	0.8727212
380000	900000	2.1638718
390000	900000	0.852926
400000	900000	1.5686759
410000	900000	1.8906164
440000	900000	0.93306863
450000	900000	2.112301
460000	900000	1.0106672
500000	900000	2.0685065
510000	900000	2.3773615
520000	900000	0.74180603
530000	900000	1.2919339
540000	900000	0.884423
550000	900000	2.4955177
560000	900000	2.1079757
570000	900000	1.3430114
580000	900000	1.6218767
590000	900000	1.538787
610000	900000	0.7459618
620000	900000	4.4293065
640000	900000	1.3416458
650000	900000	1.5421094
660000	900000	2.373814
680000	900000	3.9520774
690000	900000	2.3898845
700000	900000	1.3789474
710000	900000	2.8200476
720000	900000	2.1377008
730000	900000	3.9352508
740000	900000	2.0613766
750000	900000	2.1199157
760000	900000	5.7860045
770000	900000	3.4863505
780000	900000	8.026619
790000	900000	3.0622697
800000	900000	5.890239
810000	900000	5.5820813
820000	900000	9.701485
830000	900000	10.36051
840000	900000	12.411399
850000	900000	16.430073
860000	900000	12.81875
870000	900000	17.931252
880000	900000	28.898659
890000	900000	33.140736
900000	900000	109.6979
190000	910000	0.5507828
200000	910000	1.2803653
210000	910000	1.4173919
220000	910000	0.8042823
230000	910000	1.613604
240000	910000	2.0401967
260000	910000	0.80827117
270000	910000	0.74901223
280000	910000	0.72270584
290000	910000	0.7114598
350000	910000	1.70123
370000	910000	0.92182964
400000	910000	4.142365
410000	910000	3.9940047
430000	910000	0.77551395
440000	910000	0.98557293
450000	910000	0.7437205
460000	910000	1.067538
480000	910000	0.7868806
490000	910000	0.6749222
500000	910000	5.098106
510000	910000	0.8370456
520000	910000	2.3506436
530000	910000	2.0469475
560000	910000	1.6699444
570000	910000	2.8371665
580000	910000	0.8565703
590000	910000	1.6253753
610000	910000	0.78793746
620000	910000	2.3392727
630000	910000	3.6857235
640000	910000	2.834282
650000	910000	1.6288847
660000	910000	5.0147796
670000	910000	0.84236664
700000	910000	0.7282707
710000	910000	1.4893665
720000	910000	2.2579904
730000	910000	0.8313379
740000	910000	1.4515809
750000	910000	5.22481
760000	910000	3.3953254
770000	910000	3.6825292
780000	910000	3.5326169
790000	910000	5.3909755
800000	910000	3.456492
810000	910000	6.633211
820000	910000	6.8315945
830000	910000	11.62747
840000	910000	10.196507
850000	910000	11.569735
860000	910000	11.734726
870000	910000	22.998878
880000	910000	13.566578
890000	910000	17.002712
900000	910000	29.710424
910000	910000	126.31354
200000	920000	1.8219016
220000	920000	2.2889142
270000	920000	2.1316206
280000	920000	0.68558496
290000	920000	1.3498331
300000	920000	0.75956666
320000	920000	1.0549259
330000	920000	0.79506284
340000	920000	1.727677
360000	920000	0.8402532
380000	920000	0.72274506
390000	920000	0.85464597
430000	920000	2.9427228
450000	920000	1.4110404
480000	920000	1.4929271
490000	920000	1.9207672
500000	920000	1.3817852
520000	920000	1.4866039
530000	920000	1.2945392
540000	920000	0.8862065
550000	920000	1.250275
560000	920000	1.0561132
570000	920000	1.3457196
580000	920000	1.6251473
590000	920000	3.8547251
600000	920000	0.6896339
620000	920000	1.4794127
630000	920000	2.6223083
640000	920000	2.016527
650000	920000	2.3178287
660000	920000	2.378601
670000	920000	3.1963983
680000	920000	2.6400313
690000	920000	3.5920558
700000	920000	2.072592
710000	920000	0.7064336
720000	920000	2.8560152
730000	920000	3.9431865
740000	920000	1.3770223
750000	920000	2.1241906
760000	920000	0.6441858
770000	920000	6.2880855
780000	920000	2.680935
790000	920000	3.068445
800000	920000	4.590535
810000	920000	7.6908393
820000	920000	6.4806986
830000	920000	11.679077
840000	920000	7.600039
850000	920000	6.4023576
860000	920000	7.7067604
870000	920000	12.192172
880000	920000	12.226261
890000	920000	18.975752
900000	920000	19.024462
910000	920000	26.049046
920000	920000	122.14329
220000	930000	1.8186603
230000	930000	0.91217893
240000	930000	2.3066683
250000	930000	3.23397
260000	930000	0.91384006
280000	930000	0.817099
290000	930000	0.80438405
310000	930000	1.2631056
320000	930000	1.2572896
330000	930000	1.8951553
350000	930000	0.96171445
360000	930000	1.0014367
380000	930000	0.8613874
390000	930000	1.0185905
430000	930000	1.7536087
440000	930000	1.1142993
450000	930000	1.6817166
460000	930000	1.2069699
480000	930000	0.88965565
500000	930000	1.6468494
520000	930000	1.7717751
530000	930000	1.5428672
540000	930000	1.0562052
550000	930000	0.745056
560000	930000	0.62935233
580000	930000	1.936895
590000	930000	0.9188333
600000	930000	1.6438491
610000	930000	2.6725516
620000	930000	0.8816023
650000	930000	3.6832688
660000	930000	0.9449606
670000	930000	0.95238876
680000	930000	1.5732307
690000	930000	1.4270368
700000	930000	2.470172
710000	930000	0.84194684
720000	930000	0.8509693
730000	930000	3.7596781
740000	930000	3.2823455
750000	930000	3.375558
760000	930000	3.8387914
780000	930000	1.5976058
790000	930000	2.4380379
800000	930000	5.471125
810000	930000	4.9997196
820000	930000	3.861937
830000	930000	5.413117
840000	930000	12.351728
850000	930000	5.450361
860000	930000	7.143988
870000	930000	7.647876
880000	930000	11.503889
890000	930000	16.961866
900000	930000	10.91705
910000	930000	11.531358
920000	930000	36.18306
930000	930000	128.369
210000	940000	2.1087446
220000	940000	0.79772145
230000	940000	2.4006617
260000	940000	1.6033556
280000	940000	0.71681046
290000	940000	2.1169684
310000	940000	1.1080755
320000	940000	1.1029733
350000	940000	1.6873525
370000	940000	0.91431
380000	940000	0.75566304
410000	940000	0.990356
430000	940000	0.7691878
440000	940000	0.9775332
450000	940000	2.212961
460000	940000	1.0588297
480000	940000	1.5609236
490000	940000	0.66941667
500000	940000	0.72235984
510000	940000	0.83021754
520000	940000	0.7771562
530000	940000	1.3534999
540000	940000	0.92656946
550000	940000	1.3072196
560000	940000	1.1042147
570000	940000	0.7035057
580000	940000	0.8495829
590000	940000	1.6121166
610000	940000	1.56302
620000	940000	2.3201904
630000	940000	0.91391444
640000	940000	2.8111618
650000	940000	2.4233959
670000	940000	1.6709903
680000	940000	0.69006836
690000	940000	1.2518862
700000	940000	2.1669898
710000	940000	1.4772172
720000	940000	4.479142
730000	940000	1.6491127
740000	940000	0.71986985
750000	940000	3.7015638
760000	940000	3.3676286
770000	940000	3.6524894
780000	940000	4.90532
790000	940000	3.7428994
800000	940000	2.742637
810000	940000	2.924045
820000	940000	7.3405223
830000	940000	6.783894
840000	940000	5.0566654
850000	940000	5.737678
860000	940000	8.057771
870000	940000	12.076553
880000	940000	6.7279553
890000	940000	6.944006
900000	940000	16.207436
910000	940000	14.006812
920000	940000	18.454681
930000	940000	42.230003
940000	940000	101.87872
190000	950000	0.5361437
220000	950000	0.7829055
250000	950000	0.69608736
260000	950000	0.7867884
300000	950000	0.77941185
310000	950000	1.0874953
370000	950000	0.8973286
390000	950000	0.8769753
420000	950000	1.4397166
430000	950000	1.5098037
450000	950000	1.4479066
470000	950000	2.551566
480000	950000	0.76596636
490000	950000	0.6569837
530000	950000	1.9925424
540000	950000	1.8187208
550000	950000	1.2829409
560000	950000	0.54185313
580000	950000	2.5014112
600000	950000	2.1229558
610000	950000	0.76699513
620000	950000	1.5180653
630000	950000	0.89694047
640000	950000	2.7589505
650000	950000	2.3783865
660000	950000	0.81358224
670000	950000	0.81997764
680000	950000	0.6772519
690000	950000	2.4572701
700000	950000	4.9623995
710000	950000	0.7248906
740000	950000	2.8259995
750000	950000	1.4531262
760000	950000	3.9660985
770000	950000	2.1507914
780000	950000	0.6877449
790000	950000	4.198152
800000	950000	1.3458492
810000	950000	3.5871718
820000	950000	6.6500196
830000	950000	6.657898
840000	950000	7.089641
850000	950000	5.631113
860000	950000	9.665473
870000	950000	9.218423
880000	950000	9.904497
890000	950000	6.815036
900000	950000	15.906418
910000	950000	12.219258
920000	950000	15.938494
930000	950000	22.44974
940000	950000	27.269058
950000	950000	123.4053
220000	960000	0.77575094
260000	960000	0.7795983
280000	960000	0.69706833
290000	960000	1.3724425
300000	960000	1.5445784
330000	960000	0.80837995
350000	960000	0.82044005
430000	960000	1.4960063
450000	960000	0.7173375
500000	960000	0.7024649
510000	960000	0.807352
530000	960000	0.65811116
540000	960000	2.7031507
550000	960000	1.9068251
560000	960000	2.6845071
570000	960000	1.36826
580000	960000	0.82618403
590000	960000	0.7838581
600000	960000	2.8047404
610000	960000	1.5199718
630000	960000	0.88874376
640000	960000	0.6834344
670000	960000	0.81248426
680000	960000	2.0131884
690000	960000	0.6087036
700000	960000	2.8097432
710000	960000	0.7182661
720000	960000	1.4519264
730000	960000	0.80184674
740000	960000	1.400087
750000	960000	2.15977
770000	960000	3.551894
780000	960000	4.08876
790000	960000	3.1198406
800000	960000	6.000975
810000	960000	4.976146
820000	960000	2.74552
830000	960000	7.9164658
840000	960000	7.7273374
850000	960000	5.5796533
860000	960000	3.4825983
870000	960000	3.9146485
880000	960000	11.122516
890000	960000	6.7527566
900000	960000	11.462587
910000	960000	8.32397
920000	960000	17.228552
930000	960000	25.666826
940000	960000	20.264894
950000	960000	39.040424
960000	960000	105.832634
200000	970000	0.6466573
220000	970000	0.81241655
230000	970000	0.8149617
270000	970000	0.7565875
280000	970000	2.190045
320000	970000	1.1232915
330000	970000	0.8465877
360000	970000	0.89470667
380000	970000	1.5391667
390000	970000	0.9100322
400000	970000	0.83685195
420000	970000	0.74699277
430000	970000	0.78335726
440000	970000	0.9955407
450000	970000	0.7512422
460000	970000	2.1566694
480000	970000	1.5896778
490000	970000	0.68174815
500000	970000	0.73566663
520000	970000	0.7914724
530000	970000	0.68921655
540000	970000	1.8872762
560000	970000	2.2491114
570000	970000	1.4329304
580000	970000	1.7304667
600000	970000	2.9373055
610000	970000	0.7959064
620000	970000	0.7876438
630000	970000	0.93074995
640000	970000	1.4314735
650000	970000	1.6453587
660000	970000	0.8442496
680000	970000	2.108341
700000	970000	1.4712723
730000	970000	1.6794915
740000	970000	0.7331308
750000	970000	3.0158012
760000	970000	2.0577989
770000	970000	3.719773
780000	970000	0.71366894
790000	970000	4.3563986
800000	970000	3.4914496
810000	970000	2.9779098
820000	970000	2.300229
830000	970000	3.454431
840000	970000	5.885504
850000	970000	12.660643
860000	970000	5.4708033
870000	970000	4.782952
880000	970000	6.1667037
890000	970000	9.092473
900000	970000	10.503817
910000	970000	11.887363
920000	970000	15.035712
930000	970000	10.751984
940000	970000	13.362446
950000	970000	27.771389
960000	970000	30.575111
970000	970000	112.87133
240000	980000	1.1296798
250000	980000	1.5838214
270000	980000	0.82947296
290000	980000	0.7878865
310000	980000	1.2371999
360000	980000	2.9426932
370000	980000	1.0208548
380000	980000	0.8437207
400000	980000	0.91746956
410000	980000	1.1057626
420000	980000	0.81895393
450000	980000	1.6472254
460000	980000	2.364431
490000	980000	1.494848
520000	980000	1.7354369
530000	980000	0.75561184
550000	980000	2.1893256
560000	980000	1.2328892
570000	980000	0.78548545
590000	980000	1.7999771
600000	980000	0.8050673
610000	980000	0.8725796
620000	980000	1.7270421
630000	980000	2.0408263
640000	980000	1.5693737
650000	980000	3.6077266
670000	980000	0.9328557
680000	980000	1.5409646
690000	980000	2.0966535
720000	980000	1.6670326
730000	980000	0.9206422
740000	980000	1.6075131
750000	980000	6.6126533
760000	980000	2.2560358
780000	980000	1.5648396
790000	980000	1.7910261
800000	980000	3.0622373
810000	980000	5.713374
820000	980000	3.7827306
830000	980000	3.0297694
840000	980000	7.2590404
850000	980000	6.406292
860000	980000	6.9974685
870000	980000	8.989225
880000	980000	2.2535899
890000	980000	5.5379953
900000	980000	8.225497
910000	980000	13.9013605
920000	980000	13.187335
930000	980000	13.7523985
940000	980000	11.20272
950000	980000	10.1489105
960000	980000	23.464384
970000	980000	26.328665
980000	980000	124.11959
200000	990000	0.8448073
220000	990000	1.0613589
250000	990000	0.9436624
260000	990000	1.0666227
270000	990000	0.98842263
280000	990000	0.95370775
300000	990000	1.0566226
340000	990000	1.2016737
350000	990000	1.1225011
380000	990000	2.0108013
420000	990000	0.97588784
470000	990000	1.7295364
480000	990000	1.038395
540000	990000	1.2327896
550000	990000	0.8696201
560000	990000	1.4691445
570000	990000	0.9360059
580000	990000	1.1303599
590000	990000	3.2173526
600000	990000	2.8780205
620000	990000	2.0579906
630000	990000	1.2159523
670000	990000	2.2232327
680000	990000	3.6725109
690000	990000	1.6656196
700000	990000	1.9221027
710000	990000	0.98270994
720000	990000	0.99324083
740000	990000	0.9577783
750000	990000	1.9699546
760000	990000	1.7922359
770000	990000	0.9719187
780000	990000	0.93235284
800000	990000	4.561307
810000	990000	1.9452037
820000	990000	4.507605
830000	990000	4.512945
840000	990000	2.8833568
850000	990000	3.816956
860000	990000	7.147178
870000	990000	8.926506
880000	990000	8.951465
890000	990000	6.5992265
900000	990000	13.722418
910000	990000	10.353275
920000	990000	7.8571944
930000	990000	19.899391
940000	990000	16.430113
950000	990000	10.078099
960000	990000	12.9818
970000	990000	23.007566
980000	990000	22.930899
990000	990000	122.96288
210000	1000000	0.67046964
330000	1000000	0.7929045
370000	1000000	0.87210715
380000	1000000	2.1623492
390000	1000000	0.85232586
410000	1000000	0.9446431
420000	1000000	0.699625
430000	1000000	0.7336835
440000	1000000	0.93241215
450000	1000000	1.4072099
460000	1000000	1.0099561
470000	1000000	2.4798484
520000	1000000	0.74128413
530000	1000000	0.64551246
540000	1000000	0.88380075
550000	1000000	0.62344044
560000	1000000	0.5266231
570000	1000000	2.0130994
580000	1000000	1.6207355
590000	1000000	1.5377042
610000	1000000	1.4908739
620000	1000000	0.7376983
630000	1000000	0.87172985
640000	1000000	0.67035097
650000	1000000	1.5410243
660000	1000000	2.3721437
670000	1000000	1.5938605
680000	1000000	1.3164322
700000	1000000	2.755954
710000	1000000	2.1135476
720000	1000000	2.1361966
730000	1000000	1.5729928
740000	1000000	1.3732841
750000	1000000	1.4122827
760000	1000000	2.5697482
770000	1000000	2.787118
780000	1000000	2.0052428
790000	1000000	4.0801535
800000	1000000	2.616042
810000	1000000	2.7890768
820000	1000000	3.2315528
830000	1000000	4.529534
840000	1000000	4.823259
850000	1000000	5.472838
860000	1000000	3.4159284
870000	1000000	6.399513
880000	1000000	7.7008867
890000	1000000	12.3007555
900000	1000000	11.24315
910000	1000000	5.195666
920000	1000000	16.898733
930000	1000000	7.55264
940000	1000000	8.098016
950000	1000000	13.005185
960000	1000000	12.886337
970000	1000000	14.245151
980000	1000000	15.617449
990000	1000000	29.384493
1000000	1000000	108.84138
200000	1010000	0.59586036
210000	1010000	0.6596302
220000	1010000	0.7485987
230000	1010000	0.7509439
240000	1010000	1.898946
320000	1010000	1.0350535
380000	1010000	0.70913017
390000	1010000	0.83854634
420000	1010000	0.6883142
430000	1010000	0.72182214
450000	1010000	0.6922298
460000	1010000	0.9936282
490000	1010000	1.2563895
530000	1010000	0.63507646
540000	1010000	0.8695124
550000	1010000	1.8400838
570000	1010000	0.6601846
580000	1010000	1.5945332
610000	1010000	0.7333855
630000	1010000	3.4305465
640000	1010000	1.9785402
650000	1010000	3.0322213
660000	1010000	3.8896558
670000	1010000	1.5680927
680000	1010000	3.2378738
690000	1010000	4.111788
700000	1010000	2.7113988
710000	1010000	1.3862519
720000	1010000	0.7005536
730000	1010000	1.5475622
740000	1010000	3.3777056
750000	1010000	2.0841756
760000	1010000	2.5282032
770000	1010000	3.4275734
780000	1010000	3.2880402
790000	1010000	1.5053211
800000	1010000	4.50406
810000	1010000	3.4299824
820000	1010000	2.6494236
830000	1010000	3.81969
840000	1010000	4.7452817
850000	1010000	7.179145
860000	1010000	4.200879
870000	1010000	10.703288
880000	1010000	11.995946
890000	1010000	6.5164022
900000	1010000	6.913364
910000	1010000	5.1116676
920000	1010000	6.927305
930000	1010000	10.732997
940000	1010000	7.2428145
950000	1010000	11.373272
960000	1010000	7.747669
970000	1010000	16.22772
980000	1010000	16.173645
990000	1010000	13.491069
1000000	1010000	29.0157
1010000	1010000	106.70992
