120000	120000	738.5303
180000	180000	45.98969
180000	190000	181.80495
190000	190000	123.85853
180000	200000	24.921568
190000	200000	28.148323
200000	200000	119.383
180000	210000	21.023819
190000	210000	13.357073
200000	210000	41.013702
210000	210000	124.34064
180000	220000	6.6795893
190000	220000	13.202767
200000	220000	21.717804
210000	220000	36.64225
220000	220000	164.92557
180000	230000	24.830706
190000	230000	6.4271393
200000	230000	16.146753
210000	230000	22.702318
220000	230000	36.064373
230000	230000	111.442116
190000	240000	7.391651
200000	240000	9.362311
210000	240000	11.66756
220000	240000	18.24966
230000	240000	41.34079
240000	240000	154.21564
180000	250000	10.866749
190000	250000	9.205303
200000	250000	9.421814
210000	250000	12.419119
220000	250000	18.150425
230000	250000	19.068285
240000	250000	37.11203
250000	250000	103.99055
180000	260000	6.1064143
190000	260000	5.172788
200000	260000	7.9416804
210000	260000	11.863869
220000	260000	7.095215
230000	260000	15.660604
240000	260000	25.02549
250000	260000	40.400196
260000	260000	131.3491
190000	270000	9.142613
200000	270000	11.146612
210000	270000	9.142073
220000	270000	10.788427
230000	270000	14.653714
240000	270000	7.805497
250000	270000	27.001923
260000	270000	31.864023
270000	270000	121.391045
180000	280000	5.5560975
190000	280000	4.183654
200000	280000	10.83895
210000	280000	8.889739
220000	280000	7.262759
230000	280000	11.99937
240000	280000	21.821407
250000	280000	13.128316
260000	280000	16.96772
270000	280000	36.585648
280000	280000	137.60464
190000	290000	4.1195817
200000	290000	6.52236
210000	290000	11.879876
220000	290000	6.356916
230000	290000	6.646275
240000	290000	10.276493
250000	290000	11.634531
260000	290000	18.887146
270000	290000	22.430872
280000	290000	37.013878
290000	290000	112.59523
180000	300000	5.782387
190000	300000	3.2655346
200000	300000	8.773644
210000	300000	13.877702
220000	300000	7.5585575
230000	300000	13.268587
240000	300000	12.836172
250000	300000	12.296707
260000	300000	12.28437
270000	300000	20.11547
280000	300000	19.560257
290000	300000	42.648674
300000	300000	117.77926
190000	310000	3.7545664
200000	310000	9.511115
210000	310000	8.205925
220000	310000	8.111127
230000	310000	10.768681
240000	310000	14.985514
250000	310000	15.080753
260000	310000	14.830224
270000	310000	23.78867
280000	310000	19.276724
290000	310000	18.981503
300000	310000	32.098927
310000	310000	149.46896
180000	320000	8.264083
190000	320000	7.000565
200000	320000	7.16522
210000	320000	8.500183
220000	320000	9.60227
230000	320000	6.692903
240000	320000	9.878199
250000	320000	7.8107696
260000	320000	14.264738
270000	320000	16.42781
280000	320000	10.982387
290000	320000	18.679058
300000	320000	20.781233
310000	320000	37.273605
320000	320000	151.47083
180000	330000	12.990705
190000	330000	6.113623
200000	330000	7.743553
210000	330000	6.6809216
220000	330000	11.3207
230000	330000	9.644152
240000	330000	8.873149
250000	330000	12.278121
260000	330000	10.349272
270000	330000	11.29785
280000	330000	14.124875
290000	330000	13.135856
300000	330000	20.416882
310000	330000	24.788988
320000	330000	25.677906
330000	330000	123.84508
180000	340000	7.417745
190000	340000	6.9818068
200000	340000	12.862837
210000	340000	14.4115925
220000	340000	6.464165
230000	340000	8.009963
240000	340000	5.066604
250000	340000	8.763571
260000	340000	12.8038645
270000	340000	11.980648
280000	340000	11.649965
290000	340000	17.648533
300000	340000	10.259148
310000	340000	19.301744
320000	340000	21.326818
330000	340000	38.762867
340000	340000	167.49869
180000	350000	6.542288
190000	350000	8.62092
200000	350000	13.471878
210000	350000	10.467641
220000	350000	9.502086
230000	350000	7.9476876
240000	350000	11.171583
250000	350000	5.4104934
260000	350000	6.9493704
270000	350000	8.128206
280000	350000	15.807713
290000	350000	16.343899
300000	350000	13.983801
310000	350000	12.484057
320000	350000	16.45856
330000	350000	21.251997
340000	350000	20.049091
350000	350000	134.01744
180000	360000	6.9632573
190000	360000	2.6216116
200000	360000	7.546704
210000	360000	6.3663945
220000	360000	6.0681033
230000	360000	7.51919
240000	360000	10.7013855
250000	360000	12.339935
260000	360000	8.3211
270000	360000	9.516345
280000	360000	8.4124365
290000	360000	12.425401
300000	360000	8.755059
310000	360000	10.871472
320000	360000	11.261315
330000	360000	14.751832
340000	360000	10.108027
350000	360000	15.84899
360000	360000	144.43916
190000	370000	4.6676726
200000	370000	8.445862
210000	370000	5.667553
220000	370000	7.202674
230000	370000	6.693805
240000	370000	6.048692
250000	370000	10.043772
260000	370000	9.40659
270000	370000	6.1612597
280000	370000	7.702972
290000	370000	10.956113
300000	370000	7.125955
310000	370000	6.1448293
320000	370000	7.6382146
330000	370000	8.004582
340000	370000	10.28396
350000	370000	9.070227
360000	370000	26.816273
370000	370000	129.86716
180000	380000	11.057413
190000	380000	4.683408
200000	380000	5.392758
210000	380000	10.109616
220000	380000	4.81797
230000	380000	5.223844
240000	380000	10.384875
250000	380000	6.531798
260000	380000	5.1386304
270000	380000	9.61649
280000	380000	3.3396652
290000	380000	8.550148
300000	380000	9.036777
310000	380000	14.3862705
320000	380000	4.967384
330000	380000	10.151008
340000	380000	8.917333
350000	380000	13.370316
360000	380000	23.438702
370000	380000	40.879986
380000	380000	119.63524
190000	390000	5.4409294
200000	390000	6.961127
210000	390000	6.6064525
220000	390000	9.32876
230000	390000	4.334842
240000	390000	3.2903414
250000	390000	6.070631
260000	390000	4.26413
270000	390000	7.9799414
280000	390000	9.311621
290000	390000	7.640845
300000	390000	8.075721
310000	390000	4.4568505
320000	390000	8.079172
330000	390000	8.164309
340000	390000	8.28774
350000	390000	9.137005
360000	390000	19.449867
370000	390000	28.693174
380000	390000	30.88572
390000	390000	130.06992
180000	400000	12.847218
190000	400000	4.8368764
200000	400000	11.138942
210000	400000	4.4047523
220000	400000	4.6648574
230000	400000	5.2023425
240000	400000	2.1937854
250000	400000	7.589065
260000	400000	6.8233066
270000	400000	8.778833
280000	400000	5.4323344
290000	400000	8.405789
300000	400000	8.076548
310000	400000	7.8002863
320000	400000	11.542856
330000	400000	6.3506675
340000	400000	4.144294
350000	400000	8.224146
360000	400000	12.643706
370000	400000	21.769463
380000	400000	17.761106
390000	400000	29.605146
400000	400000	141.76036
190000	410000	2.0471075
200000	410000	5.5000467
210000	410000	6.6283374
220000	410000	5.2648106
230000	410000	6.849993
240000	410000	4.951862
250000	410000	8.5651045
260000	410000	7.7008605
270000	410000	5.404304
280000	410000	4.3792815
290000	410000	8.624426
300000	410000	8.203754
310000	410000	6.288208
320000	410000	6.5136986
330000	410000	10.239193
340000	410000	7.015945
350000	410000	11.3445
360000	410000	14.26983
370000	410000	13.401416
380000	410000	14.816154
390000	410000	19.237616
400000	410000	37.46656
410000	410000	133.7126
180000	420000	5.516792
190000	420000	2.5962858
200000	420000	7.174848
210000	420000	2.5219572
220000	420000	6.4101157
230000	420000	7.4465513
240000	420000	6.594315
250000	420000	2.6070883
260000	420000	5.860064
270000	420000	7.5395308
280000	420000	5.3319483
290000	420000	4.5940037
300000	420000	9.017302
310000	420000	9.570177
320000	420000	13.8787
330000	420000	5.4541473
340000	420000	10.677738
350000	420000	8.632736
360000	420000	14.199971
370000	420000	13.597295
380000	420000	11.274533
390000	420000	18.491495
400000	420000	16.95227
410000	420000	36.525726
420000	420000	106.54635
190000	430000	4.119265
200000	430000	4.065574
210000	430000	3.5726209
220000	430000	3.6322443
230000	430000	7.5951595
240000	430000	5.338028
250000	430000	4.431862
260000	430000	7.4712644
270000	430000	5.43737
280000	430000	4.5319633
290000	430000	5.9500756
300000	430000	8.646994
310000	430000	3.253722
320000	430000	4.4938645
330000	430000	6.181104
340000	430000	2.0168204
350000	430000	8.893956
360000	430000	12.306119
370000	430000	7.7048063
380000	430000	11.274055
390000	430000	15.717102
400000	430000	18.338495
410000	430000	25.624897
420000	430000	47.998966
430000	430000	124.94199
180000	440000	7.5939918
190000	440000	6.432926
200000	440000	6.58423
210000	440000	10.4145975
220000	440000	1.1029592
230000	440000	7.175246
240000	440000	2.5934935
250000	440000	8.971794
260000	440000	4.033257
270000	440000	6.6043973
280000	440000	4.587219
290000	440000	4.5169663
300000	440000	5.7288575
310000	440000	2.6347144
320000	440000	4.09379
330000	440000	5.362686
340000	440000	1.2248462
350000	440000	7.5620117
360000	440000	9.198396
370000	440000	9.358496
380000	440000	10.955052
390000	440000	9.545239
400000	440000	15.910359
410000	440000	15.562396
420000	440000	13.664303
430000	440000	35.100586
440000	440000	126.64882
190000	450000	5.4676147
200000	450000	6.2957406
210000	450000	5.311083
220000	450000	7.593356
230000	450000	3.9204922
240000	450000	4.9597187
250000	450000	5.490364
260000	450000	5.399155
270000	450000	6.495454
280000	450000	10.526951
290000	450000	8.292584
300000	450000	7.303796
310000	450000	11.084805
320000	450000	9.394608
330000	450000	4.9226103
340000	450000	7.4955482
350000	450000	10.742726
360000	450000	7.9158297
370000	450000	4.474226
380000	450000	10.475055
390000	450000	12.98064
400000	450000	10.54785
410000	450000	8.241523
420000	450000	10.452479
430000	450000	18.953024
440000	450000	30.694572
450000	450000	110.06132
190000	460000	2.4204328
200000	460000	9.290107
210000	460000	2.9389231
220000	460000	1.2449878
230000	460000	12.727325
240000	460000	5.854919
250000	460000	7.0889688
260000	460000	5.6907783
270000	460000	3.1949358
280000	460000	8.28467
290000	460000	5.098619
300000	460000	4.311044
310000	460000	4.4609823
320000	460000	6.161267
330000	460000	2.421297
340000	460000	5.530282
350000	460000	2.4387934
360000	460000	5.1914396
370000	460000	9.243146
380000	460000	6.182871
390000	460000	3.591462
400000	460000	9.578212
410000	460000	4.053779
420000	460000	7.1978035
430000	460000	13.983709
440000	460000	8.492523
450000	460000	25.98535
460000	460000	135.80324
180000	470000	9.172054
190000	470000	4.316508
200000	470000	6.958402
210000	470000	8.385862
220000	470000	5.3286343
230000	470000	4.9521666
250000	470000	3.250851
260000	470000	1.2178462
270000	470000	1.1395454
280000	470000	11.080924
290000	470000	3.2733662
300000	470000	1.1532229
310000	470000	1.5911094
320000	470000	4.944496
330000	470000	6.477074
340000	470000	4.4381227
350000	470000	2.6095512
360000	470000	8.332395
370000	470000	2.8258076
380000	470000	5.513149
390000	470000	3.8429263
400000	470000	6.4055324
410000	470000	5.783485
420000	470000	7.701774
430000	470000	16.209711
440000	470000	12.116195
450000	470000	26.64624
460000	470000	44.44832
470000	470000	188.41263
190000	480000	5.3796678
200000	480000	11.700672
210000	480000	4.354712
220000	480000	6.4566073
230000	480000	6.000448
240000	480000	4.3377256
250000	480000	4.5017095
260000	480000	6.74579
270000	480000	6.3120737
280000	480000	5.3706203
290000	480000	6.799332
300000	480000	1.5969588
310000	480000	7.711671
320000	480000	2.2823446
330000	480000	2.6907945
340000	480000	5.1215153
350000	480000	10.840953
360000	480000	11.538524
370000	480000	7.8262367
380000	480000	9.161389
390000	480000	7.982404
400000	480000	6.209172
410000	480000	14.015483
420000	480000	6.856234
430000	480000	12.950114
440000	480000	11.535047
450000	480000	11.230176
460000	480000	29.59187
470000	480000	43.062782
480000	480000	122.77265
180000	490000	5.2008433
190000	490000	6.363749
200000	490000	5.6366186
210000	490000	5.94381
220000	490000	5.2876306
230000	490000	2.1060257
240000	490000	5.3285627
250000	490000	9.216674
260000	490000	6.215014
270000	490000	8.400056
280000	490000	3.1416163
290000	490000	4.9496045
300000	490000	7.193051
310000	490000	1.8044181
320000	490000	6.5419316
330000	490000	6.610869
340000	490000	9.227369
350000	490000	6.658639
360000	490000	7.0870953
370000	490000	9.613931
380000	490000	6.8774834
390000	490000	9.442594
400000	490000	5.084994
410000	490000	9.018399
420000	490000	6.8626614
430000	490000	11.312512
440000	490000	11.164179
450000	490000	21.6785
460000	490000	24.234226
470000	490000	16.595865
480000	490000	30.881529
490000	490000	104.69045
180000	500000	11.453731
190000	500000	1.6170897
200000	500000	6.827387
210000	500000	6.5449767
220000	500000	5.82243
230000	500000	10.822151
240000	500000	4.8895855
250000	500000	5.412727
260000	500000	5.3228083
270000	500000	4.9805813
280000	500000	3.4593647
290000	500000	5.4502153
300000	500000	6.4804645
310000	500000	0.99345994
320000	500000	7.2035933
330000	500000	7.279503
340000	500000	1.8473892
350000	500000	8.146783
360000	500000	8.670995
370000	500000	7.9397244
380000	500000	8.950007
390000	500000	5.598726
400000	500000	9.598797
410000	500000	9.930535
420000	500000	5.495827
430000	500000	8.563967
440000	500000	12.293342
450000	500000	16.637432
460000	500000	12.808951
470000	500000	22.842999
480000	500000	11.862187
490000	500000	35.619923
500000	500000	112.675766
180000	510000	6.390106
190000	510000	5.413106
200000	510000	9.003188
210000	510000	8.033261
220000	510000	8.35295
230000	510000	6.0377445
240000	510000	9.820546
250000	510000	6.7945356
260000	510000	5.9392543
270000	510000	4.76348
280000	510000	4.6320014
290000	510000	4.561063
300000	510000	5.624097
310000	510000	2.2170296
320000	510000	1.1482654
330000	510000	5.415039
340000	510000	9.276028
350000	510000	8.1812525
360000	510000	4.837601
370000	510000	6.890521
380000	510000	6.1455555
390000	510000	8.03202
400000	510000	8.032842
410000	510000	9.065956
420000	510000	6.132311
430000	510000	6.949657
440000	510000	9.496427
450000	510000	8.878554
460000	510000	13.101353
470000	510000	11.469824
480000	510000	14.118372
490000	510000	10.839584
500000	510000	27.850475
510000	510000	126.967255
180000	520000	11.518287
190000	520000	5.4206805
200000	520000	6.2416983
210000	520000	5.265493
220000	520000	7.528175
230000	520000	6.9963098
240000	520000	1.9668578
250000	520000	0.68040437
260000	520000	6.882183
270000	520000	2.1465657
280000	520000	4.8704076
290000	520000	4.1107006
300000	520000	6.51699
310000	520000	2.997178
320000	520000	5.1744246
330000	520000	8.1339245
340000	520000	3.715603
350000	520000	3.2770803
360000	520000	6.9758935
370000	520000	9.758802
380000	520000	7.615767
390000	520000	4.02163
400000	520000	8.044083
410000	520000	3.6314569
420000	520000	8.290205
430000	520000	10.961027
440000	520000	6.656801
450000	520000	5.8195496
460000	520000	3.2202866
470000	520000	5.742937
480000	520000	4.7716184
490000	520000	7.815422
500000	520000	15.060302
510000	520000	20.00532
520000	520000	140.63387
180000	530000	5.077797
190000	530000	3.8235013
200000	530000	4.40261
210000	530000	8.12446
220000	530000	5.162531
230000	530000	4.1123986
240000	530000	2.6012473
250000	530000	5.9990783
260000	530000	5.393754
270000	530000	5.6778364
280000	530000	2.4538314
290000	530000	3.0203137
300000	530000	5.1075425
310000	530000	2.6425912
320000	530000	5.4747057
330000	530000	6.454463
340000	530000	0.8190054
350000	530000	5.056413
360000	530000	3.8441234
370000	530000	3.9110315
380000	530000	4.273035
390000	530000	3.5458434
400000	530000	2.8369648
410000	530000	8.004577
420000	530000	3.6547081
430000	530000	4.832131
440000	530000	4.1923256
450000	530000	5.772439
460000	530000	5.678609
470000	530000	5.063508
480000	530000	2.1035516
490000	530000	4.0196357
500000	530000	13.278564
510000	530000	18.344095
520000	530000	34.973206
530000	530000	100.916626
190000	540000	3.1462476
200000	540000	5.071891
210000	540000	4.5842614
220000	540000	1.9419867
230000	540000	0.90239275
240000	540000	5.7079744
250000	540000	6.318677
260000	540000	3.5506902
270000	540000	8.306002
280000	540000	4.038372
290000	540000	5.567135
300000	540000	2.5217085
310000	540000	1.1597393
320000	540000	3.6039803
330000	540000	2.8326342
340000	540000	8.626376
350000	540000	3.804137
360000	540000	1.0122294
370000	540000	4.11939
380000	540000	5.6258492
390000	540000	0.9336867
400000	540000	2.8013465
410000	540000	3.1616313
420000	540000	4.0098033
430000	540000	4.544251
440000	540000	4.41567
450000	540000	2.533318
460000	540000	1.2460697
470000	540000	5.3332644
480000	540000	3.6926956
490000	540000	3.0241287
500000	540000	9.989982
510000	540000	11.146944
520000	540000	14.232242
530000	540000	36.169117
540000	540000	135.08536
180000	550000	5.059073
190000	550000	4.285578
200000	550000	4.9346724
210000	550000	3.469072
220000	550000	5.8782797
230000	550000	2.0486171
240000	550000	3.4555407
250000	550000	2.9884784
260000	550000	4.7021317
270000	550000	2.5141778
280000	550000	4.889566
290000	550000	3.6110117
300000	550000	1.2721772
310000	550000	2.6328468
320000	550000	0.90908635
330000	550000	3.5725904
340000	550000	6.527883
350000	550000	2.8787246
360000	550000	2.297969
370000	550000	4.6759315
380000	550000	3.649096
390000	550000	5.652429
400000	550000	2.8265038
410000	550000	4.785036
420000	550000	6.0687194
430000	550000	4.814313
440000	550000	4.1768665
450000	550000	7.6682043
460000	550000	6.600614
470000	550000	2.0179346
480000	550000	3.4929914
490000	550000	7.437511
500000	550000	8.819734
510000	550000	9.1382265
520000	550000	10.136508
530000	550000	22.343224
540000	550000	32.35863
550000	550000	109.634605
180000	560000	8.873938
190000	560000	2.5057259
200000	560000	3.8469915
210000	560000	2.0283248
220000	560000	3.8665793
230000	560000	2.3956037
240000	560000	4.5459294
250000	560000	5.2419825
260000	560000	2.945657
270000	560000	6.6150427
280000	560000	1.0720764
290000	560000	3.6948016
300000	560000	5.02083
310000	560000	5.387879
320000	560000	0.7972978
330000	560000	3.1332757
340000	560000	1.4312906
350000	560000	3.7871003
360000	560000	5.3743796
370000	560000	4.784432
380000	560000	3.2003736
390000	560000	5.577031
400000	560000	4.957868
410000	560000	5.5955057
420000	560000	4.257969
430000	560000	5.4286795
440000	560000	5.8611927
450000	560000	3.9230685
460000	560000	5.7889495
470000	560000	1.7697932
480000	560000	4.2888513
490000	560000	5.5194063
500000	560000	4.972621
510000	560000	9.86402
520000	560000	11.112552
530000	560000	17.146255
540000	560000	18.704706
550000	560000	33.189884
560000	560000	104.87654
190000	570000	3.2332811
200000	570000	3.7229948
210000	570000	1.9629475
220000	570000	4.989268
230000	570000	0.7727961
240000	570000	0.9776454
260000	570000	3.0407596
270000	570000	4.267884
280000	570000	4.1500845
290000	570000	2.043263
300000	570000	4.3191094
310000	570000	3.972736
320000	570000	2.0575976
330000	570000	2.4258268
340000	570000	0.923438
350000	570000	2.4433558
360000	570000	1.7337172
370000	570000	2.6458395
380000	570000	1.3765416
390000	570000	3.9979787
400000	570000	0.79967755
410000	570000	2.7075753
420000	570000	8.928238
430000	570000	3.8916306
440000	570000	3.7815158
450000	570000	4.338994
460000	570000	2.134232
470000	570000	3.4254978
480000	570000	3.1623712
490000	570000	3.2372751
500000	570000	6.416457
510000	570000	6.364054
520000	570000	10.75437
530000	570000	10.746327
540000	570000	14.98081
550000	570000	15.115343
560000	570000	15.466079
570000	570000	105.485756
180000	580000	6.476985
190000	580000	1.219267
200000	580000	4.2118125
210000	580000	2.2206764
220000	580000	3.7628958
230000	580000	0.87426186
240000	580000	3.3180218
250000	580000	1.5304251
260000	580000	1.720001
270000	580000	4.8282437
280000	580000	4.6949778
290000	580000	0.7705124
300000	580000	4.886195
320000	580000	1.163877
330000	580000	1.8295537
340000	580000	1.0446826
350000	580000	1.842774
360000	580000	3.922698
370000	580000	0.99774337
380000	580000	1.5572774
390000	580000	2.7137406
400000	580000	0.9046728
410000	580000	7.147167
420000	580000	1.5539212
430000	580000	5.2831078
440000	580000	1.0695044
450000	580000	2.4543452
460000	580000	3.6216755
470000	580000	5.167007
480000	580000	5.366371
490000	580000	4.3947835
500000	580000	1.6130929
510000	580000	1.7999089
520000	580000	3.2443695
530000	580000	8.5816145
540000	580000	11.298496
550000	580000	9.262468
560000	580000	11.87278
570000	580000	35.478184
580000	580000	119.496895
190000	590000	1.6688178
200000	590000	0.64052576
210000	590000	2.7017357
220000	590000	0.8583828
230000	590000	1.5954763
240000	590000	2.0183978
250000	590000	2.0947015
260000	590000	3.1389003
270000	590000	2.9370866
280000	590000	2.1420143
290000	590000	3.515349
300000	590000	0.74308485
310000	590000	2.050478
320000	590000	2.1240067
330000	590000	3.3388274
340000	590000	1.906484
350000	590000	0.8407385
360000	590000	4.4741826
370000	590000	0.9104114
380000	590000	2.1314545
390000	590000	1.6508055
400000	590000	2.4764616
410000	590000	2.7949624
420000	590000	0.7089536
430000	590000	4.0172334
440000	590000	2.9276733
450000	590000	3.7325294
460000	590000	6.609344
470000	590000	3.536056
480000	590000	4.8966556
490000	590000	1.3367033
500000	590000	4.415699
510000	590000	5.748273
520000	590000	2.9603915
530000	590000	9.788088
540000	590000	9.450416
550000	590000	11.052261
560000	590000	16.535435
570000	590000	18.393635
580000	590000	28.299782
590000	590000	126.8351
190000	600000	3.8618345
200000	600000	2.5409994
210000	600000	2.6794817
230000	600000	3.164669
240000	600000	2.0017726
250000	600000	2.077448
260000	600000	0.7782614
270000	600000	3.6411178
280000	600000	4.2487416
290000	600000	1.3945574
300000	600000	3.6848207
310000	600000	1.0167943
320000	600000	1.0532558
330000	600000	4.966989
340000	600000	4.7269516
350000	600000	2.5014403
360000	600000	2.6623976
370000	600000	1.8058249
380000	600000	0.70463264
390000	600000	3.274416
400000	600000	0.8186878
410000	600000	0.92398024
420000	600000	1.4062282
430000	600000	2.3904862
440000	600000	2.9035585
450000	600000	3.7017848
460000	600000	4.3699355
470000	600000	1.1689767
490000	600000	2.6513863
500000	600000	3.6494396
510000	600000	4.072089
520000	600000	6.606016
530000	600000	10.354629
540000	600000	6.816417
550000	600000	8.382113
560000	600000	11.309817
570000	600000	16.053074
580000	600000	19.811773
590000	600000	36.908554
600000	600000	129.98347
190000	610000	0.5768499
200000	610000	3.9853184
210000	610000	1.4008384
220000	610000	0.89013565
230000	610000	1.6544952
240000	610000	3.139592
250000	610000	1.4481251
270000	610000	2.2843003
280000	610000	0.7404168
290000	610000	2.9163094
300000	610000	1.5411452
310000	610000	2.1263282
320000	610000	2.2025769
330000	610000	1.7311678
340000	610000	1.9770076
350000	610000	1.7436771
360000	610000	1.8558756
370000	610000	0.9440888
380000	610000	4.4206
390000	610000	2.5678067
410000	610000	1.9322348
420000	610000	1.4703578
430000	610000	2.499502
440000	610000	4.047963
450000	610000	0.7741202
470000	610000	4.8891463
480000	610000	1.6925966
490000	610000	4.851525
500000	610000	2.289521
510000	610000	4.2577925
520000	610000	6.907276
530000	610000	2.0300326
540000	610000	16.927273
550000	610000	8.090188
560000	610000	11.23431
570000	610000	16.785156
580000	610000	15.536451
590000	610000	15.751726
600000	610000	34.36836
610000	610000	134.75885
190000	620000	1.0668373
200000	620000	2.4568415
210000	620000	3.2384217
220000	620000	0.82311696
230000	620000	3.8248188
250000	620000	2.6781902
260000	620000	3.7624269
270000	620000	2.8164191
280000	620000	2.0540116
290000	620000	0.6741848
300000	620000	1.4251118
310000	620000	2.9493542
320000	620000	2.0367439
330000	620000	1.6008275
340000	620000	3.6563158
350000	620000	0.8061975
360000	620000	1.716146
370000	620000	3.4920318
380000	620000	4.0877714
390000	620000	2.3744755
400000	620000	1.5831456
410000	620000	1.786756
420000	620000	2.039481
430000	620000	1.5408756
440000	620000	1.8715951
450000	620000	7.1583633
460000	620000	6.337805
470000	620000	3.3907804
480000	620000	1.5651603
490000	620000	6.408931
500000	620000	4.939998
510000	620000	3.9372218
520000	620000	4.967841
530000	620000	3.7543814
540000	620000	3.2953289
550000	620000	8.104497
560000	620000	6.5611415
570000	620000	14.110359
580000	620000	13.568556
590000	620000	13.837483
600000	620000	12.278926
610000	620000	34.740536
620000	620000	113.83391
190000	630000	1.9314457
200000	630000	2.2239828
210000	630000	3.1269176
220000	630000	4.967348
240000	630000	1.1680202
250000	630000	0.8081175
260000	630000	1.8164402
270000	630000	1.6996534
280000	630000	2.479111
300000	630000	1.7200536
310000	630000	2.3731692
320000	630000	1.2291348
340000	630000	1.1032572
350000	630000	2.9191456
360000	630000	1.0356601
380000	630000	1.6445928
400000	630000	2.8661914
420000	630000	1.6410486
430000	630000	0.92988795
440000	630000	1.1294707
450000	630000	4.319931
460000	630000	3.8247402
470000	630000	2.7283587
480000	630000	4.7227163
490000	630000	5.414728
500000	630000	2.555307
510000	630000	2.8512425
520000	630000	1.7131395
530000	630000	6.797085
540000	630000	10.937662
550000	630000	7.524468
560000	630000	4.619439
570000	630000	12.7729845
580000	630000	15.413375
590000	630000	15.822281
600000	630000	15.691955
610000	630000	19.142164
620000	630000	32.87318
630000	630000	121.06459
190000	640000	2.0930336
200000	640000	1.8075336
230000	640000	2.2511795
240000	640000	0.94930404
250000	640000	1.9703832
260000	640000	0.73815244
270000	640000	1.3813868
290000	640000	1.98403
300000	640000	1.397967
310000	640000	1.9287843
320000	640000	0.99897456
330000	640000	3.1406715
340000	640000	1.7933362
350000	640000	1.5816829
360000	640000	0.84172887
370000	640000	1.7127588
380000	640000	2.673273
390000	640000	2.3292477
400000	640000	1.5529908
410000	640000	6.13453
420000	640000	2.667512
430000	640000	3.0230515
440000	640000	3.671892
450000	640000	2.1066046
460000	640000	2.072362
470000	640000	2.217463
480000	640000	3.8383698
490000	640000	3.772114
500000	640000	2.7690878
510000	640000	6.179564
520000	640000	2.7846951
530000	640000	3.68287
540000	640000	5.656982
550000	640000	7.9501276
560000	640000	5.8998213
570000	640000	7.612876
580000	640000	10.178319
590000	640000	11.430665
600000	640000	15.587704
610000	640000	11.112658
620000	640000	16.44157
630000	640000	28.939642
640000	640000	132.38728
180000	650000	12.387157
190000	650000	2.3318336
200000	650000	2.0137603
210000	650000	4.2470174
220000	650000	0.8995617
230000	650000	5.016046
240000	650000	3.1728387
250000	650000	0.73173
270000	650000	2.3084898
300000	650000	2.3361976
320000	650000	3.3388515
330000	650000	1.7494999
350000	650000	1.7621418
360000	650000	0.93776417
370000	650000	1.9081724
380000	650000	0.74456865
400000	650000	2.595264
410000	650000	2.9290442
420000	650000	2.228892
430000	650000	0.84199005
440000	650000	1.0227072
450000	650000	1.5646354
460000	650000	3.4632056
470000	650000	2.47046
480000	650000	0.85526013
490000	650000	2.1012428
500000	650000	5.398787
510000	650000	3.4423044
520000	650000	4.6536136
530000	650000	5.4707456
540000	650000	4.5017166
550000	650000	7.4945374
560000	650000	5.377867
570000	650000	8.481451
580000	650000	9.595039
590000	650000	5.571485
600000	650000	11.051187
610000	650000	12.380533
620000	650000	11.448398
630000	650000	21.187239
640000	650000	29.198872
650000	650000	126.784584
190000	660000	0.59851974
200000	660000	0.68917173
210000	660000	1.453462
220000	660000	1.8471487
250000	660000	0.75126255
260000	660000	2.5329676
270000	660000	2.370112
280000	660000	2.3046937
290000	660000	2.2693973
310000	660000	1.1031028
320000	660000	1.1426593
330000	660000	2.694301
340000	660000	3.0769134
350000	660000	2.71377
360000	660000	4.813983
370000	660000	1.9591086
380000	660000	1.5288879
400000	660000	3.5527215
410000	660000	5.012052
420000	660000	0.76279646
430000	660000	0.86446595
440000	660000	3.150021
450000	660000	2.409602
460000	660000	1.1852171
480000	660000	4.390451
490000	660000	4.3146653
500000	660000	2.3755288
510000	660000	4.4177403
520000	660000	5.574142
530000	660000	3.5104876
540000	660000	7.395015
550000	660000	4.1970515
560000	660000	4.907931
570000	660000	7.1246066
580000	660000	10.746728
590000	660000	7.3545537
600000	660000	12.156626
610000	660000	9.321411
620000	660000	12.537598
630000	660000	10.403515
640000	660000	19.216858
650000	660000	29.97311
660000	660000	116.93817
190000	670000	0.62043506
200000	670000	1.4288126
210000	670000	1.5066818
220000	670000	0.9573918
230000	670000	3.5590084
250000	670000	3.1150827
260000	670000	0.87523806
270000	670000	1.6379304
280000	670000	1.5927212
290000	670000	2.352493
300000	670000	1.6575898
310000	670000	1.1434938
320000	670000	2.3689973
340000	670000	3.189577
350000	670000	1.8754245
360000	670000	2.9941504
370000	670000	2.030843
380000	670000	0.7924347
390000	670000	0.9206077
400000	670000	0.92070186
410000	670000	1.0391145
420000	670000	0.7907269
430000	670000	0.89611906
440000	670000	1.0884539
450000	670000	0.8326105
460000	670000	1.2286148
470000	670000	3.9439173
480000	670000	0.9102422
490000	670000	1.4908835
500000	670000	2.4625108
510000	670000	3.6635995
520000	670000	4.9527802
530000	670000	4.3668323
540000	670000	1.9164474
550000	670000	4.35073
560000	670000	5.7235937
570000	670000	5.744262
580000	670000	9.283524
590000	670000	10.16513
600000	670000	12.60175
610000	670000	11.419581
620000	670000	7.310628
630000	670000	13.725661
640000	670000	11.952299
650000	670000	17.75463
660000	670000	34.634274
670000	670000	139.83054
190000	680000	1.4751514
200000	680000	1.6985782
210000	680000	1.1940995
220000	680000	1.517535
230000	680000	0.70516056
240000	680000	1.7841628
250000	680000	1.2344077
260000	680000	1.3873154
270000	680000	1.9471782
280000	680000	1.2622889
300000	680000	2.6273992
310000	680000	0.90626
320000	680000	0.9387579
330000	680000	0.7378391
340000	680000	1.6852365
380000	680000	0.62803304
390000	680000	1.4592295
400000	680000	1.4593787
410000	680000	0.8235357
420000	680000	1.2533591
430000	680000	1.4204133
440000	680000	4.3131948
450000	680000	1.3197477
460000	680000	3.8948863
470000	680000	1.0418988
480000	680000	2.885599
490000	680000	4.135526
500000	680000	1.3010857
510000	680000	0.72588366
520000	680000	3.2710474
530000	680000	4.037684
540000	680000	3.037707
550000	680000	8.6202755
560000	680000	6.048206
570000	680000	6.503621
580000	680000	8.09328
590000	680000	3.356763
600000	680000	11.318987
610000	680000	11.13899
620000	680000	11.5878725
630000	680000	13.209099
640000	680000	22.102797
650000	680000	21.106773
660000	680000	23.114872
670000	680000	35.193073
680000	680000	116.9081
190000	690000	0.45831385
200000	690000	1.0554605
210000	690000	0.5564911
220000	690000	2.828892
230000	690000	2.629031
240000	690000	1.6629612
250000	690000	3.451656
260000	690000	0.64653623
270000	690000	1.2099352
280000	690000	0.58826965
290000	690000	1.7377809
300000	690000	3.0611439
310000	690000	0.8446961
320000	690000	1.7499726
330000	690000	2.063149
350000	690000	0.6926858
360000	690000	0.73725724
370000	690000	0.7500894
390000	690000	3.4002533
400000	690000	2.0403607
410000	690000	2.302774
420000	690000	3.5046482
430000	690000	2.6478438
440000	690000	3.2161531
450000	690000	1.2300947
460000	690000	1.8151497
470000	690000	1.9422414
480000	690000	2.6895747
490000	690000	3.303936
500000	690000	3.0317512
510000	690000	5.4125843
520000	690000	1.8293034
530000	690000	2.6881404
540000	690000	4.247025
550000	690000	5.892102
560000	690000	7.0466747
570000	690000	6.6679997
580000	690000	4.800401
590000	690000	3.7544782
600000	690000	7.447106
610000	690000	7.7867236
620000	690000	7.800496
630000	690000	6.518001
640000	690000	14.126615
650000	690000	13.115301
660000	690000	13.465397
670000	690000	11.166755
680000	690000	29.868938
690000	690000	88.675186
200000	700000	1.8279257
210000	700000	1.2850308
220000	700000	3.266192
230000	700000	0.7588589
240000	700000	1.9200276
250000	700000	0.6642042
260000	700000	1.4929601
270000	700000	0.6984856
280000	700000	1.3584129
290000	700000	1.3376088
310000	700000	1.9505442
330000	700000	2.3820777
350000	700000	0.79976356
360000	700000	1.70245
380000	700000	1.351716
400000	700000	2.3557668
410000	700000	3.5449932
430000	700000	1.5285784
450000	700000	0.71012354
460000	700000	2.0957417
480000	700000	0.77633464
490000	700000	2.5431132
500000	700000	2.100246
510000	700000	3.9058
520000	700000	3.5201392
530000	700000	3.1036825
540000	700000	6.53806
550000	700000	4.329133
560000	700000	4.339186
570000	700000	2.79955
580000	700000	5.5424643
590000	700000	3.6123822
600000	700000	6.448729
610000	700000	4.495211
620000	700000	9.699118
630000	700000	5.853226
640000	700000	6.1163836
650000	700000	9.085626
660000	700000	13.214887
670000	700000	9.669713
680000	700000	16.604458
690000	700000	36.905468
700000	700000	118.89688
200000	710000	3.5647752
210000	710000	0.6265088
220000	710000	3.184823
240000	710000	0.9360975
250000	710000	1.2953144
260000	710000	2.1836503
270000	710000	0.68108463
280000	710000	1.9868572
290000	710000	1.3042858
300000	710000	2.067778
310000	710000	1.9019514
320000	710000	0.9850771
330000	710000	1.5484896
350000	710000	0.77983946
360000	710000	1.6600379
370000	710000	4.222328
380000	710000	0.6590208
390000	710000	2.2968438
400000	710000	0.76569295
410000	710000	1.7283393
420000	710000	3.2880025
440000	710000	3.6208093
450000	710000	4.8470283
470000	710000	3.2799213
480000	710000	2.2709827
490000	710000	0.61993957
500000	710000	3.413206
510000	710000	3.8084972
520000	710000	4.1189327
530000	710000	2.4210896
540000	710000	5.5782833
550000	710000	6.0304055
560000	710000	5.2888584
570000	710000	5.459613
580000	710000	6.9484987
590000	710000	4.2268667
600000	710000	10.480126
610000	710000	5.8442993
620000	710000	6.0798144
630000	710000	5.707408
640000	710000	8.61468
650000	710000	10.335828
660000	710000	7.5798063
670000	710000	7.071613
680000	710000	11.209016
690000	710000	18.573452
700000	710000	31.496756
710000	710000	122.84838
190000	720000	3.0918128
200000	720000	1.7800498
210000	720000	2.502748
220000	720000	2.3854842
230000	720000	1.4779665
250000	720000	1.9404231
260000	720000	1.4538574
270000	720000	4.0811477
290000	720000	0.6512875
300000	720000	2.7534213
310000	720000	0.94972837
320000	720000	0.983785
330000	720000	0.77322924
340000	720000	0.88303405
350000	720000	1.5576332
360000	720000	3.3157208
370000	720000	1.686716
380000	720000	1.9744691
390000	720000	3.0584416
400000	720000	1.5293772
420000	720000	1.313476
430000	720000	0.7442714
440000	720000	1.8080301
450000	720000	2.074573
460000	720000	2.0408514
470000	720000	2.183746
490000	720000	0.6191264
500000	720000	1.3634917
510000	720000	5.3249025
520000	720000	6.1702952
530000	720000	2.4179142
540000	720000	3.9792619
550000	720000	6.0224957
560000	720000	4.753729
570000	720000	6.8155646
580000	720000	7.7104273
590000	720000	6.3319836
600000	720000	5.582069
610000	720000	4.3774753
620000	720000	7.4211373
630000	720000	4.8856473
640000	720000	5.2943883
650000	720000	11.059575
660000	720000	9.840824
670000	720000	10.201154
680000	720000	12.438126
690000	720000	13.332158
700000	720000	20.747208
710000	720000	26.103668
720000	720000	114.05376
190000	730000	0.5980762
200000	730000	0.68866104
210000	730000	1.452385
230000	730000	0.85768783
240000	730000	1.0850399
250000	730000	0.75070584
260000	730000	2.5310905
290000	730000	2.2677157
320000	730000	1.1418126
330000	730000	3.589739
340000	730000	2.0497556
350000	730000	0.90391964
360000	730000	0.9620831
370000	730000	1.9576569
380000	730000	0.76387745
390000	730000	1.7748629
400000	730000	2.6625667
410000	730000	1.0016676
420000	730000	1.5244625
430000	730000	3.4553013
450000	730000	1.6052109
460000	730000	3.5530167
470000	730000	2.534526
480000	730000	0.8774395
490000	730000	4.311468
500000	730000	1.5825124
510000	730000	1.7657866
520000	730000	1.5914319
530000	730000	2.806309
540000	730000	6.465843
550000	730000	5.591922
560000	730000	4.904294
570000	730000	5.5372543
580000	730000	8.94897
590000	730000	4.0828357
600000	730000	4.859047
610000	730000	6.7741847
620000	730000	12.528307
630000	730000	11.3408785
640000	730000	6.912942
650000	730000	4.2787
660000	730000	9.664412
670000	730000	11.8397875
680000	730000	6.49624
690000	730000	14.12819
700000	730000	19.419256
710000	730000	23.479988
720000	730000	34.039146
730000	730000	115.00906
190000	740000	0.5406902
200000	740000	3.7354994
210000	740000	0.6565136
220000	740000	1.6686753
230000	740000	1.5507835
240000	740000	0.9809291
250000	740000	2.0360246
270000	740000	0.7137031
280000	740000	1.3880079
290000	740000	0.6833753
300000	740000	0.7222694
310000	740000	0.99651986
320000	740000	1.0322543
340000	740000	0.9265396
350000	740000	1.6343751
360000	740000	3.479081
370000	740000	3.5396352
380000	740000	3.452913
390000	740000	4.0114074
410000	740000	1.811113
430000	740000	0.78094035
440000	740000	1.8971087
450000	740000	1.4511892
460000	740000	2.1414006
480000	740000	3.9662411
490000	740000	2.5985188
500000	740000	2.1460028
510000	740000	0.79817873
520000	740000	0.71936613
530000	740000	3.8055608
540000	740000	7.515564
550000	740000	5.687292
560000	740000	4.433722
570000	740000	5.7210846
580000	740000	3.2361226
590000	740000	11.073249
600000	740000	3.66068
610000	740000	4.593146
620000	740000	6.370989
630000	740000	5.980747
640000	740000	4.8608294
650000	740000	3.868154
660000	740000	7.1485367
670000	740000	5.763556
680000	740000	8.483105
690000	740000	18.854753
700000	740000	13.342527
710000	740000	8.216926
720000	740000	18.463833
730000	740000	37.303585
740000	740000	105.47802
190000	750000	2.15906
200000	750000	1.2430359
210000	750000	0.6553902
230000	750000	3.0962598
240000	750000	1.9585012
250000	750000	2.0325406
260000	750000	1.5228763
270000	750000	2.8499277
280000	750000	0.69281644
290000	750000	1.364412
300000	750000	1.442067
320000	750000	1.0304881
350000	750000	0.8157893
360000	750000	2.6048458
380000	750000	1.378802
390000	750000	4.0045433
400000	750000	0.8009906
420000	750000	2.7516608
430000	750000	4.6776247
440000	750000	0.94693124
450000	750000	1.4487062
460000	750000	3.2066047
480000	750000	2.3756728
490000	750000	3.2425907
500000	750000	3.5705514
510000	750000	3.187252
520000	750000	7.8994875
530000	750000	4.4322243
540000	750000	1.6672676
550000	750000	2.5233603
560000	750000	6.639203
570000	750000	4.997383
580000	750000	4.845878
590000	750000	1.4739069
600000	750000	5.847066
610000	750000	7.642144
620000	750000	4.2400584
630000	750000	4.2646527
640000	750000	8.318592
650000	750000	6.950763
660000	750000	6.3433824
670000	750000	5.753694
680000	750000	11.074309
690000	750000	10.929189
700000	750000	12.61866
710000	750000	12.304298
720000	750000	12.970835
730000	750000	18.22371
740000	750000	34.38287
750000	750000	120.13413
190000	760000	1.4699335
200000	760000	1.69257
210000	760000	1.1898758
220000	760000	1.5121671
230000	760000	0.7026663
240000	760000	0.8889259
250000	760000	1.2300413
260000	760000	2.0736125
280000	760000	1.2578241
290000	760000	1.2385604
300000	760000	1.3090528
320000	760000	3.7417493
330000	760000	2.940917
350000	760000	0.740542
360000	760000	0.7881928
370000	760000	1.6038231
380000	760000	0.6258116
390000	760000	2.1811018
410000	760000	1.6412454
420000	760000	1.2489258
430000	760000	1.4153891
440000	760000	1.7191752
450000	760000	3.2876987
460000	760000	3.8811092
470000	760000	1.0382135
480000	760000	2.156544
490000	760000	2.9434986
500000	760000	3.8894506
510000	760000	4.3398967
520000	760000	1.3037908
530000	760000	4.023402
540000	760000	3.7837029
550000	760000	4.5812182
560000	760000	3.013406
570000	760000	6.4806166
580000	760000	4.398901
590000	760000	3.3448894
600000	760000	3.9808056
610000	760000	6.9372435
620000	760000	7.056429
630000	760000	4.6455445
640000	760000	5.6634727
650000	760000	7.711776
660000	760000	7.9176316
670000	760000	8.207542
680000	760000	7.096116
690000	760000	9.921095
700000	760000	11.454733
710000	760000	10.548847
720000	760000	9.295597
730000	760000	16.54278
740000	760000	24.709059
750000	760000	29.859785
760000	760000	103.70823
190000	770000	1.0186201
200000	770000	2.9322515
220000	770000	2.3577454
230000	770000	0.73039025
240000	770000	3.695995
250000	770000	1.9178594
260000	770000	2.1554275
280000	770000	1.9611778
290000	770000	2.5748565
300000	770000	0.68035096
340000	770000	0.87276596
350000	770000	1.5395207
360000	770000	0.81929123
370000	770000	0.8335512
380000	770000	0.65050316
390000	770000	2.267158
400000	770000	1.5115933
410000	770000	0.85300064
420000	770000	1.9473038
430000	770000	2.9424672
440000	770000	0.89350295
450000	770000	1.3669664
470000	770000	1.0791765
480000	770000	2.2416313
490000	770000	1.2238541
500000	770000	4.04291
510000	770000	2.2555642
520000	770000	4.7433133
530000	770000	2.9872477
540000	770000	0.786598
550000	770000	4.166725
560000	770000	5.220502
570000	770000	2.6945245
580000	770000	3.8103843
590000	770000	7.6490993
600000	770000	5.5171595
610000	770000	7.2109547
620000	770000	8.66845
630000	770000	4.828836
640000	770000	8.503339
650000	770000	8.744778
660000	770000	3.7409203
670000	770000	4.6534767
680000	770000	6.7614207
690000	770000	12.60421
700000	770000	10.583718
710000	770000	11.610059
720000	770000	11.59483
730000	770000	4.485778
740000	770000	12.841981
750000	770000	15.518956
760000	770000	31.850021
770000	770000	120.33003
190000	780000	2.2847707
200000	780000	0.52616453
210000	780000	1.1096802
220000	780000	1.4102496
230000	780000	0.65530777
260000	780000	1.2892362
270000	780000	0.6031728
280000	780000	1.1730487
290000	780000	2.887709
300000	780000	3.6624744
310000	780000	0.84219
320000	780000	1.7447808
330000	780000	2.057028
340000	780000	0.78304756
350000	780000	0.69063073
360000	780000	2.2052097
380000	780000	1.7508987
390000	780000	3.3901653
400000	780000	2.7124097
410000	780000	1.5306282
420000	780000	1.7471254
430000	780000	0.65999705
440000	780000	0.80165285
450000	780000	1.2264453
460000	780000	0.90488225
480000	780000	3.3519943
490000	780000	2.1960893
500000	780000	1.8136541
510000	780000	2.6982632
520000	780000	5.4716287
530000	780000	3.7522314
540000	780000	7.057375
550000	780000	5.3405647
560000	780000	5.620615
570000	780000	3.6263003
580000	780000	4.102422
590000	780000	2.4955597
600000	780000	5.568759
610000	780000	5.175748
620000	780000	2.9912899
630000	780000	6.4986634
640000	780000	3.521176
650000	780000	3.9229171
660000	780000	5.370179
670000	780000	4.870961
680000	780000	6.6178493
690000	780000	5.140239
700000	780000	4.747868
710000	780000	6.9443803
720000	780000	5.779393
730000	780000	10.061625
740000	780000	7.883374
750000	780000	12.712891
760000	780000	20.882397
770000	780000	31.988258
780000	780000	111.21226
190000	790000	0.7437155
200000	790000	1.2845384
210000	790000	1.3545446
220000	790000	0.5738128
230000	790000	0.533273
250000	790000	0.93351245
260000	790000	2.62287
270000	790000	1.4725405
280000	790000	0.47729877
290000	790000	0.46998897
300000	790000	0.49673826
310000	790000	0.68535304
320000	790000	2.129788
350000	790000	2.2480714
360000	790000	1.7945442
370000	790000	3.0429647
380000	790000	0.47494575
390000	790000	0.5517662
400000	790000	0.5518227
410000	790000	1.2455866
420000	790000	1.4217666
430000	790000	2.685445
450000	790000	4.9902515
460000	790000	2.2091112
470000	790000	0.787929
480000	790000	1.0911074
490000	790000	1.3403416
500000	790000	2.4598432
510000	790000	1.6468339
520000	790000	4.9474154
530000	790000	2.6172612
540000	790000	2.871557
550000	790000	4.346017
560000	790000	4.573915
570000	790000	6.885648
580000	790000	6.676896
590000	790000	5.077059
600000	790000	5.538764
610000	790000	5.791353
620000	790000	4.381625
630000	790000	5.8760543
640000	790000	6.2084627
650000	790000	4.256495
660000	790000	3.2775874
670000	790000	7.927731
680000	790000	3.590293
690000	790000	8.784293
700000	790000	6.278505
710000	790000	6.5930223
720000	790000	7.524999
730000	790000	10.371336
740000	790000	12.830583
750000	790000	13.793907
760000	790000	15.204772
770000	790000	15.339837
780000	790000	27.942932
790000	790000	94.69033
190000	800000	1.0642194
200000	800000	1.8381094
210000	800000	0.646095
220000	800000	2.4632912
230000	800000	1.5261732
240000	800000	0.9653622
250000	800000	1.3358091
260000	800000	0.75063884
270000	800000	1.4047539
280000	800000	2.0489712
290000	800000	0.6725304
300000	800000	2.132422
320000	800000	4.063492
340000	800000	3.6473434
360000	800000	2.5679018
370000	800000	1.7417313
380000	800000	2.7184935
400000	800000	1.5792607
410000	800000	1.7823714
420000	800000	1.3563174
430000	800000	2.3056414
440000	800000	2.8005035
450000	800000	0.71407974
460000	800000	2.1074176
480000	800000	0.78065974
490000	800000	1.917961
500000	800000	1.4079645
510000	800000	0.785512
520000	800000	3.5397503
530000	800000	3.7451682
540000	800000	0.82181054
550000	800000	4.9751444
560000	800000	3.2725203
570000	800000	2.8151467
580000	800000	1.5923834
590000	800000	5.8120112
600000	800000	2.161552
610000	800000	3.7668788
620000	800000	6.269884
630000	800000	9.249169
640000	800000	2.7335372
650000	800000	3.806768
660000	800000	6.2534156
670000	800000	5.672091
680000	800000	5.1375275
690000	800000	6.5842223
700000	800000	8.293129
710000	800000	7.412649
720000	800000	3.3649666
730000	800000	7.0298796
740000	800000	11.2984085
750000	800000	10.574134
760000	800000	10.23871
770000	800000	13.968519
780000	800000	17.306906
790000	800000	20.88306
800000	800000	128.56468
190000	810000	1.0719374
200000	810000	2.468587
220000	810000	3.3082082
230000	810000	0.76862085
240000	810000	1.9447268
250000	810000	1.345497
260000	810000	0.7560828
270000	810000	1.4149418
280000	810000	0.68794376
300000	810000	1.4319247
310000	810000	0.987818
320000	810000	3.0697215
330000	810000	4.021201
340000	810000	0.91844887
350000	810000	2.430155
360000	810000	0.86217517
370000	810000	2.6315446
380000	810000	0.68455225
400000	810000	0.7953571
410000	810000	0.897649
440000	810000	1.8805426
450000	810000	0.71925855
460000	810000	2.1227014
470000	810000	3.4069908
480000	810000	2.3589642
490000	810000	0.64395696
500000	810000	3.5454392
510000	810000	3.9560444
520000	810000	5.7046757
530000	810000	2.5148866
540000	810000	3.3110828
550000	810000	3.1320164
560000	810000	3.2962542
570000	810000	3.544454
580000	810000	2.405898
590000	810000	6.585933
600000	810000	2.9029713
610000	810000	3.0353582
620000	810000	3.508531
630000	810000	2.540795
640000	810000	7.5717454
650000	810000	3.067501
660000	810000	2.3620381
670000	810000	0.81617534
680000	810000	4.5279384
690000	810000	5.426161
700000	810000	9.745486
710000	810000	4.7513514
720000	810000	5.422993
730000	810000	6.2941008
740000	810000	8.535262
750000	810000	7.1005483
760000	810000	7.734724
770000	810000	10.049875
780000	810000	16.831305
790000	810000	14.186068
800000	810000	37.799152
810000	810000	90.247795
190000	820000	2.0345871
200000	820000	1.4056478
210000	820000	0.49408484
220000	820000	1.2558266
230000	820000	1.1671025
240000	820000	0.73823637
250000	820000	1.5322895
260000	820000	1.7220963
270000	820000	1.6113752
280000	820000	1.0445993
290000	820000	1.0286014
300000	820000	0.54357195
320000	820000	0.7768632
330000	820000	1.2211883
340000	820000	0.6973035
350000	820000	1.2300127
360000	820000	0.6545794
370000	820000	0.66597253
380000	820000	1.0394497
390000	820000	0.60378814
400000	820000	1.2076998
410000	820000	2.7260473
420000	820000	1.5558143
430000	820000	2.9386353
440000	820000	1.427743
450000	820000	1.6382234
460000	820000	1.6115943
480000	820000	1.7909695
490000	820000	0.97780824
500000	820000	0.53835267
510000	820000	1.8021015
520000	820000	4.872483
530000	820000	3.8186975
540000	820000	3.1422944
550000	820000	3.329039
560000	820000	5.005155
570000	820000	3.7674217
580000	820000	1.8266026
590000	820000	3.8890157
600000	820000	4.4079795
610000	820000	6.337376
620000	820000	3.729239
630000	820000	5.1440506
640000	820000	0.5226009
650000	820000	4.657808
660000	820000	3.5866065
670000	820000	6.196555
680000	820000	4.910993
690000	820000	5.035118
700000	820000	7.927451
710000	820000	3.6073143
720000	820000	3.6025827
730000	820000	5.973248
740000	820000	5.4001083
750000	820000	4.3126945
760000	820000	9.297882
770000	820000	9.156063
780000	820000	8.21484
790000	820000	13.37006
800000	820000	16.474674
810000	820000	41.753036
820000	820000	98.7567
190000	830000	0.4857325
220000	830000	0.7495326
240000	830000	0.8812239
250000	830000	2.4387674
260000	830000	0.6852153
270000	830000	1.9234793
280000	830000	1.2469257
290000	830000	0.61391455
310000	830000	0.89523
340000	830000	0.83236283
350000	830000	2.9365027
360000	830000	0.78136367
370000	830000	2.3848906
380000	830000	1.8611679
390000	830000	2.162204
420000	830000	0.6190523
430000	830000	2.1046884
440000	830000	2.5564196
450000	830000	1.3036852
470000	830000	1.029218
480000	830000	0.71261966
490000	830000	0.583599
500000	830000	2.5705006
510000	830000	1.434098
520000	830000	1.9387414
530000	830000	3.9885418
540000	830000	3.0007355
550000	830000	2.838453
560000	830000	3.9830625
570000	830000	0.64244664
580000	830000	3.6339896
590000	830000	3.3159082
600000	830000	3.2885954
610000	830000	1.3754274
620000	830000	7.631225
630000	830000	3.8377447
640000	830000	2.4952898
650000	830000	2.0849886
660000	830000	0.71354824
670000	830000	4.438052
680000	830000	5.2759743
690000	830000	6.556757
700000	830000	4.416022
710000	830000	4.921152
720000	830000	4.914697
730000	830000	4.991136
740000	830000	9.669067
750000	830000	7.722018
760000	830000	7.00975
770000	830000	8.500709
780000	830000	8.716406
790000	830000	8.866489
800000	830000	14.590622
810000	830000	22.364147
820000	830000	26.68172
830000	830000	97.28621
190000	840000	1.0649552
200000	840000	2.4525073
210000	840000	1.9396251
220000	840000	2.4649944
230000	840000	0.76361424
240000	840000	0.9660297
250000	840000	2.005099
290000	840000	0.67299545
300000	840000	0.7112988
310000	840000	3.9255347
320000	840000	1.0165755
330000	840000	0.79900163
340000	840000	0.91246635
350000	840000	1.6095505
370000	840000	1.7429357
380000	840000	2.0402799
390000	840000	1.580191
400000	840000	1.5803527
420000	840000	0.6786276
430000	840000	2.3072357
440000	840000	1.8682933
450000	840000	0.7145735
460000	840000	1.0544374
470000	840000	1.1282662
480000	840000	1.562399
500000	840000	3.522345
510000	840000	0.78605515
520000	840000	0.7084396
530000	840000	2.4985054
540000	840000	2.4671364
550000	840000	1.2446461
560000	840000	3.2747834
570000	840000	2.11282
580000	840000	10.357649
590000	840000	1.4540076
600000	840000	3.6050777
610000	840000	2.2616901
620000	840000	2.0914066
630000	840000	0.84141505
640000	840000	5.4708548
650000	840000	2.2856402
660000	840000	4.693305
670000	840000	4.865154
680000	840000	1.927905
690000	840000	3.5938776
700000	840000	4.1494317
710000	840000	4.7204022
720000	840000	1.3469174
730000	840000	4.689827
740000	840000	4.239833
750000	840000	10.581446
760000	840000	8.324704
770000	840000	4.659393
780000	840000	7.1664305
790000	840000	6.8038373
800000	840000	5.5633984
810000	840000	9.806556
820000	840000	14.89064
830000	840000	29.201422
840000	840000	125.263016
190000	850000	1.4074811
200000	850000	1.6206585
210000	850000	0.85449153
220000	850000	1.0859402
240000	850000	1.2767377
260000	850000	0.99275583
290000	850000	0.8894537
300000	850000	0.9400767
320000	850000	1.3435407
380000	850000	4.494172
390000	850000	2.0884342
400000	850000	2.0886478
420000	850000	0.8968974
430000	850000	2.0328808
440000	850000	1.2346001
450000	850000	0.94440466
460000	850000	1.3935803
470000	850000	1.4911549
480000	850000	2.0649197
510000	850000	1.0388772
520000	850000	3.7451916
530000	850000	4.127637
540000	850000	1.0868838
560000	850000	2.1640325
570000	850000	4.653958
580000	850000	3.159005
590000	850000	0.96083295
600000	850000	4.7645936
620000	850000	1.842716
630000	850000	3.3361282
640000	850000	1.807617
650000	850000	4.0277066
660000	850000	3.1014156
670000	850000	3.2149765
680000	850000	1.6986566
690000	850000	3.1665273
700000	850000	2.742015
710000	850000	3.5649395
720000	850000	4.4503293
730000	850000	3.0991175
740000	850000	3.7356718
750000	850000	1.8646398
760000	850000	2.5389721
770000	850000	5.278296
780000	850000	7.1035485
790000	850000	8.349884
800000	850000	9.19097
810000	850000	8.331864
820000	850000	13.35427
830000	850000	11.745876
840000	850000	22.993315
850000	850000	162.88368
190000	860000	0.6490324
220000	860000	1.0015203
230000	860000	0.93076295
240000	860000	1.1774853
260000	860000	0.9155799
280000	860000	0.8330668
290000	860000	0.82030845
320000	860000	1.2390951
370000	860000	2.1244495
380000	860000	0.82895994
390000	860000	0.9630407
410000	860000	1.0870098
430000	860000	1.8748467
450000	860000	0.87098753
470000	860000	1.375234
480000	860000	0.95219743
490000	860000	1.5596019
500000	860000	1.7173426
510000	860000	1.9162319
520000	860000	0.863511
530000	860000	1.5227034
540000	860000	5.011953
550000	860000	1.5170885
560000	860000	2.6610703
570000	860000	0.85843277
580000	860000	0.97114235
600000	860000	1.7576795
610000	860000	4.594591
620000	860000	3.39893
630000	860000	2.0511873
640000	860000	1.6670946
650000	860000	0.9286491
660000	860000	1.9068764
670000	860000	1.9766983
680000	860000	5.483116
690000	860000	5.8407288
700000	860000	4.2147555
710000	860000	0.82195115
720000	860000	2.462619
730000	860000	4.7636585
740000	860000	4.30658
750000	860000	3.439369
760000	860000	2.341595
770000	860000	1.6226555
780000	860000	4.3675504
790000	860000	7.108405
800000	860000	5.9335313
810000	860000	4.2689743
820000	860000	6.482169
830000	860000	10.832764
840000	860000	16.116436
850000	860000	20.178976
860000	860000	154.05177
190000	870000	0.47611657
200000	870000	2.192917
210000	870000	0.57810736
220000	870000	0.73469424
230000	870000	0.68278813
240000	870000	1.7275572
280000	870000	1.2222407
290000	870000	1.2035221
320000	870000	0.9089742
340000	870000	0.8158847
350000	870000	0.7195924
360000	870000	1.5317904
400000	870000	0.70653874
420000	870000	1.2135941
430000	870000	1.3753482
450000	870000	0.6389382
460000	870000	0.94282854
480000	870000	2.7940483
490000	870000	1.7161369
500000	870000	0.62990326
510000	870000	0.70285374
520000	870000	1.2669071
530000	870000	1.1170233
540000	870000	1.4706653
550000	870000	1.1129043
560000	870000	0.48802632
570000	870000	2.518913
580000	870000	4.274458
600000	870000	2.5787935
610000	870000	1.3481983
620000	870000	0.623346
630000	870000	4.514124
640000	870000	3.057364
650000	870000	1.362475
660000	870000	0.6994223
670000	870000	6.5252895
680000	870000	2.8730707
690000	870000	5.8913746
700000	870000	1.8551139
710000	870000	1.2059323
720000	870000	4.817402
730000	870000	1.397808
740000	870000	5.054747
750000	870000	5.0460978
760000	870000	3.4354897
770000	870000	5.9517303
780000	870000	4.8059154
790000	870000	2.6072884
800000	870000	9.94906
810000	870000	5.636934
820000	870000	9.985885
830000	870000	8.514308
840000	870000	7.466955
850000	870000	9.046201
860000	870000	30.338028
870000	870000	99.03626
200000	880000	1.094294
220000	880000	2.9329755
230000	880000	0.68144023
270000	880000	1.2544523
290000	880000	1.2011461
300000	880000	0.63475454
310000	880000	1.7515501
320000	880000	0.9071797
330000	880000	0.7130195
380000	880000	0.6069071
390000	880000	1.4101436
400000	880000	0.7051439
420000	880000	0.60559916
430000	880000	1.3726331
440000	880000	1.6672425
450000	880000	1.2753537
460000	880000	2.8229017
490000	880000	1.1418326
500000	880000	1.2573195
510000	880000	1.4029324
520000	880000	0.63220304
530000	880000	5.5740905
540000	880000	2.201643
550000	880000	1.6660609
560000	880000	3.8965032
570000	880000	1.2569702
580000	880000	0.71100324
590000	880000	1.9463084
600000	880000	3.2171283
610000	880000	2.6910737
620000	880000	4.976923
630000	880000	2.2526062
640000	880000	2.4410627
650000	880000	4.0793557
660000	880000	4.8862906
670000	880000	2.1708026
680000	880000	2.293919
690000	880000	3.2071333
700000	880000	2.468602
710000	880000	2.407103
720000	880000	3.6059186
730000	880000	2.0925727
740000	880000	4.414172
750000	880000	3.1475852
760000	880000	4.57161
770000	880000	1.1879961
780000	880000	4.7964277
790000	880000	5.2042828
800000	880000	3.7235324
810000	880000	5.000716
820000	880000	8.067853
830000	880000	9.6305
840000	880000	8.073233
850000	880000	10.669859
860000	880000	15.896021
870000	880000	34.982964
880000	880000	95.87468
190000	890000	1.4154674
210000	890000	0.85934013
230000	890000	2.0298903
260000	890000	0.99838895
280000	890000	0.908413
290000	890000	0.8945007
310000	890000	1.3043897
330000	890000	2.1239593
350000	890000	2.139307
360000	890000	1.1384814
380000	890000	2.711804
420000	890000	1.8039731
440000	890000	1.2416054
450000	890000	0.9497634
460000	890000	1.4014878
500000	890000	1.8726665
510000	890000	1.044772
520000	890000	0.9416107
530000	890000	0.83021164
540000	890000	1.0930511
550000	890000	2.4814508
560000	890000	2.1763117
570000	890000	2.8082194
580000	890000	1.0589767
590000	890000	0.96628493
600000	890000	1.9166516
610000	890000	1.0020292
620000	890000	1.8531721
630000	890000	3.3550582
640000	890000	2.7268107
650000	890000	2.0252802
660000	890000	1.0396713
670000	890000	2.1554794
680000	890000	1.7082951
690000	890000	1.5922474
700000	890000	1.8383826
710000	890000	2.688876
720000	890000	4.4755816
730000	890000	1.0389009
740000	890000	2.8176515
750000	890000	5.625661
760000	890000	2.5533788
770000	890000	5.3082466
780000	890000	2.3812854
790000	890000	4.5216036
800000	890000	3.697249
810000	890000	6.5171103
820000	890000	7.775289
830000	890000	9.28127
840000	890000	10.174465
850000	890000	9.779577
860000	890000	15.783814
870000	890000	18.19506
880000	890000	36.318283
890000	890000	157.36111
200000	900000	0.598128
210000	900000	1.261451
230000	900000	1.4898683
240000	900000	0.94239795
250000	900000	0.6520163
260000	900000	1.465565
270000	900000	0.68566865
280000	900000	0.6667433
290000	900000	0.6565321
300000	900000	1.3877969
310000	900000	0.9573763
320000	900000	0.99170715
330000	900000	0.77945584
370000	900000	0.85014933
380000	900000	1.990369
390000	900000	1.5415351
410000	900000	1.739972
430000	900000	0.7502648
440000	900000	0.9112948
450000	900000	2.091279
460000	900000	2.0572858
470000	900000	1.1006657
480000	900000	1.5241784
490000	900000	1.2482241
500000	900000	1.3744715
510000	900000	0.7668261
520000	900000	0.6911092
530000	900000	0.6093462
540000	900000	2.4067833
550000	900000	1.2141986
560000	900000	1.5973365
570000	900000	0.68704486
580000	900000	1.5545034
590000	900000	1.4184386
600000	900000	1.406755
610000	900000	1.4709086
620000	900000	2.7203264
630000	900000	1.6416633
640000	900000	1.3342556
650000	900000	2.229727
660000	900000	0.76308227
670000	900000	1.5820463
680000	900000	3.1345718
690000	900000	2.9216344
700000	900000	2.0239625
710000	900000	3.9470813
720000	900000	1.3139681
730000	900000	3.0500672
740000	900000	2.75741
750000	900000	2.0645187
760000	900000	2.4987874
770000	900000	2.5973778
780000	900000	3.4955597
790000	900000	3.3186982
800000	900000	2.0352383
810000	900000	8.199995
820000	900000	9.338383
830000	900000	6.192842
840000	900000	8.146583
850000	900000	6.2806334
860000	900000	10.757283
870000	900000	14.568585
880000	900000	18.174782
890000	900000	27.97206
900000	900000	127.15671
190000	910000	0.534791
200000	910000	2.4631624
210000	910000	1.2987014
230000	910000	0.76693183
240000	910000	0.9702267
250000	910000	1.3425404
270000	910000	0.7059163
290000	910000	0.67591935
310000	910000	0.9856474
320000	910000	1.020992
340000	910000	0.91643065
350000	910000	0.80827165
360000	910000	1.7205613
370000	910000	0.87525403
380000	910000	0.683048
390000	910000	0.79352814
410000	910000	0.8956765
440000	910000	0.9382051
460000	910000	2.118037
470000	910000	1.133168
480000	910000	0.7845935
490000	910000	0.64254194
500000	910000	2.1225889
510000	910000	0.78947026
520000	910000	0.7115175
530000	910000	1.2546802
540000	910000	1.6519034
550000	910000	1.8750803
560000	910000	1.096337
570000	910000	2.8293324
580000	910000	1.6004076
590000	910000	0.7301623
610000	910000	3.7858603
620000	910000	1.4003285
630000	910000	0.84507066
660000	910000	1.5712317
670000	910000	4.0719094
680000	910000	2.581708
690000	910000	4.8126554
700000	910000	2.0837295
710000	910000	3.3863647
720000	910000	1.3527691
730000	910000	2.355101
740000	910000	0.70970887
750000	910000	3.5424726
760000	910000	3.21572
770000	910000	2.6740777
780000	910000	2.9989858
790000	910000	5.8571978
800000	910000	4.1906767
810000	910000	2.1105347
820000	910000	7.477667
830000	910000	8.926002
840000	910000	6.290362
850000	910000	13.8559265
860000	910000	7.6672683
870000	910000	6.8744464
880000	910000	9.979455
890000	910000	13.005579
900000	910000	23.864096
910000	910000	108.10271
180000	920000	5.9402213
190000	920000	1.1182233
200000	920000	1.2875898
210000	920000	1.3577623
230000	920000	1.6036192
240000	920000	1.0143497
260000	920000	2.3661904
270000	920000	1.4760385
280000	920000	1.4352977
290000	920000	1.4133162
320000	920000	1.0674237
360000	920000	0.8994036
390000	920000	0.8296154
420000	920000	2.850288
450000	920000	0.75031585
470000	920000	1.1847011
480000	920000	0.8202745
490000	920000	1.3435256
500000	920000	1.479412
510000	920000	1.650746
530000	920000	1.3117392
540000	920000	0.8635135
550000	920000	1.3069023
560000	920000	2.8654876
570000	920000	2.2185016
580000	920000	0.83659464
590000	920000	1.5267358
600000	920000	0.75708014
610000	920000	3.166424
630000	920000	1.7670038
640000	920000	2.1541884
650000	920000	0.7999887
660000	920000	0.82134336
670000	920000	1.702835
680000	920000	2.6991162
690000	920000	3.1447003
700000	920000	5.0831466
710000	920000	2.832293
730000	920000	4.1036735
740000	920000	1.4839686
750000	920000	0.7407147
760000	920000	2.689569
770000	920000	2.096765
780000	920000	1.2541482
790000	920000	4.5926743
800000	920000	6.571884
810000	920000	5.8840413
820000	920000	9.492956
830000	920000	3.9993982
840000	920000	6.5764284
850000	920000	6.760158
860000	920000	6.2346296
870000	920000	13.06741
880000	920000	8.477049
890000	920000	12.625816
900000	920000	8.554068
910000	920000	30.823336
920000	920000	103.580635
210000	930000	0.7526998
220000	930000	1.9131541
230000	930000	0.88899493
250000	930000	0.77810794
270000	930000	0.81826824
290000	930000	1.5669942
310000	930000	1.1425207
340000	930000	1.0622876
350000	930000	0.93691427
380000	930000	1.5835207
390000	930000	0.91982424
410000	930000	1.0382302
420000	930000	1.580108
430000	930000	0.8953565
460000	930000	1.2275693
480000	930000	0.9094676
490000	930000	0.74480736
500000	930000	1.6402768
510000	930000	0.9151205
520000	930000	2.4742827
530000	930000	0.727186
560000	930000	0.6354137
570000	930000	0.8199106
580000	930000	0.92756236
590000	930000	0.84637326
600000	930000	0.8394018
610000	930000	1.7553636
620000	930000	4.058004
630000	930000	3.9182804
650000	930000	0.886976
660000	930000	2.731958
670000	930000	1.8879939
680000	930000	2.9926064
690000	930000	2.0919847
700000	930000	2.4153712
710000	930000	1.5701321
720000	930000	2.3521092
730000	930000	1.8199557
740000	930000	3.290658
750000	930000	1.6425136
760000	930000	1.4910105
770000	930000	0.7749194
780000	930000	4.1715565
790000	930000	4.526277
800000	930000	4.857655
810000	930000	2.4464424
820000	930000	4.333897
830000	930000	5.9123673
840000	930000	7.2915206
850000	930000	7.4952283
860000	930000	7.9000645
870000	930000	9.4173975
880000	930000	12.290747
890000	930000	12.921871
900000	930000	12.6456
910000	930000	15.460088
920000	930000	29.774254
930000	930000	125.444756
190000	940000	1.1128013
200000	940000	1.9220197
210000	940000	0.67558944
260000	940000	0.7849058
300000	940000	1.4865118
330000	940000	0.83489907
340000	940000	0.95346147
360000	940000	0.89504254
380000	940000	0.7106484
390000	940000	2.4767785
420000	940000	1.4182338
440000	940000	0.9761158
490000	940000	1.3370111
500000	940000	1.4722385
510000	940000	1.6427418
520000	940000	0.7402683
530000	940000	3.2634473
550000	940000	0.6502827
560000	940000	1.1406374
590000	940000	3.038666
600000	940000	1.5068184
610000	940000	2.363303
620000	940000	1.4569126
640000	940000	1.4291621
650000	940000	0.7961097
660000	940000	1.6347216
670000	940000	3.3891566
690000	940000	3.7553427
700000	940000	2.1679282
710000	940000	0.70464
720000	940000	0.70371574
730000	940000	0.8167551
740000	940000	0.7383866
750000	940000	0.73712313
760000	940000	2.6765277
770000	940000	2.0865984
780000	940000	4.368235
790000	940000	3.5547595
800000	940000	2.9066749
810000	940000	2.9277554
820000	940000	1.1114031
830000	940000	9.28668
840000	940000	2.9086847
850000	940000	6.7273793
860000	940000	5.3180566
870000	940000	8.452632
880000	940000	9.733783
890000	940000	4.832537
900000	940000	9.221973
910000	940000	13.145948
920000	940000	10.689611
930000	940000	33.862724
940000	940000	117.01558
190000	950000	1.0539038
210000	950000	1.9194971
220000	950000	0.8131382
250000	950000	0.66143054
280000	950000	0.67637014
300000	950000	0.70391744
320000	950000	2.0120523
360000	950000	0.84767044
380000	950000	0.6730358
410000	950000	0.8825475
450000	950000	0.70715815
460000	950000	1.0434952
480000	950000	0.7730928
500000	950000	1.3943172
510000	950000	0.7778981
520000	950000	0.70108795
540000	950000	1.6276895
550000	950000	2.4634602
560000	950000	1.0802666
570000	950000	0.69696486
580000	950000	0.78847426
590000	950000	1.438919
600000	950000	0.7135334
610000	950000	0.7460733
620000	950000	2.0697033
630000	950000	1.6653669
640000	950000	4.0605617
660000	950000	0.7741002
670000	950000	1.604889
680000	950000	2.5438647
690000	950000	0.5927638
700000	950000	0.6843953
710000	950000	4.004072
730000	950000	3.8676329
740000	950000	2.7972233
750000	950000	3.4905462
760000	950000	1.90115
770000	950000	3.2936008
780000	950000	1.1820104
790000	950000	2.885671
800000	950000	1.3764163
810000	950000	4.159196
820000	950000	4.7366085
830000	950000	1.8846776
840000	950000	6.1981564
850000	950000	0.91018826
860000	950000	4.1971555
870000	950000	11.084203
880000	950000	12.291468
890000	950000	6.40747
900000	950000	2.0155108
910000	950000	11.066817
920000	950000	12.293235
930000	950000	18.440517
940000	950000	20.149504
950000	950000	109.727516
180000	960000	5.6248326
190000	960000	0.52942634
210000	960000	0.6428368
220000	960000	0.81695646
240000	960000	0.96049404
250000	960000	1.3290728
280000	960000	0.67954624
290000	960000	1.3382779
300000	960000	1.4144456
320000	960000	1.0107502
330000	960000	0.7944231
340000	960000	0.90723765
350000	960000	1.6003273
370000	960000	0.8664741
380000	960000	0.67619616
390000	960000	1.5711361
400000	960000	0.7856484
410000	960000	0.88669163
430000	960000	0.76467156
450000	960000	0.7104788
470000	960000	1.1218009
500000	960000	0.7004322
520000	960000	0.70438004
530000	960000	0.621047
540000	960000	2.452999
550000	960000	1.2375139
560000	960000	1.0853393
570000	960000	2.1007128
580000	960000	0.79217666
590000	960000	0.72283787
600000	960000	1.4337678
610000	960000	2.9983065
620000	960000	2.0794222
640000	960000	1.3598763
650000	960000	1.5150285
660000	960000	1.5554702
670000	960000	0.80621254
680000	960000	1.9168575
690000	960000	1.1910945
700000	960000	3.438045
710000	960000	2.681916
720000	960000	2.6783981
730000	960000	3.1086352
740000	960000	2.1077688
750000	960000	2.1041622
760000	960000	0.6366924
770000	960000	1.9854399
780000	960000	4.1564627
790000	960000	3.3824246
800000	960000	3.4571989
810000	960000	2.0893633
820000	960000	4.75885
830000	960000	3.1558793
840000	960000	4.8434253
850000	960000	6.4012356
860000	960000	4.216864
870000	960000	8.042848
880000	960000	6.1745925
890000	960000	6.4375577
900000	960000	3.3749583
910000	960000	3.47462
920000	960000	12.35096
930000	960000	9.666318
940000	960000	18.075108
950000	960000	32.18267
960000	960000	90.12184
190000	970000	0.5446121
200000	970000	0.6270992
210000	970000	0.6612756
220000	970000	0.8403896
260000	970000	2.3048277
270000	970000	0.71888006
290000	970000	1.3766644
300000	970000	0.7275085
310000	970000	1.0037483
320000	970000	1.039742
330000	970000	2.4516299
350000	970000	3.2924604
360000	970000	0.8760792
370000	970000	0.89132756
420000	970000	0.69409275
430000	970000	0.786605
440000	970000	1.9108695
450000	970000	0.7308578
480000	970000	2.3970065
510000	970000	0.8039684
520000	970000	1.4491682
530000	970000	1.2777216
560000	970000	1.6747059
580000	970000	1.6297982
590000	970000	0.74357134
600000	970000	0.73744667
620000	970000	0.7130224
630000	970000	1.7211797
640000	970000	2.7977645
650000	970000	3.1169696
660000	970000	2.4001298
680000	970000	3.2863994
690000	970000	1.2252592
700000	970000	1.4146641
710000	970000	1.3794214
720000	970000	2.755224
730000	970000	3.1978018
740000	970000	0.7227423
750000	970000	2.164517
760000	970000	1.3099099
770000	970000	3.4039822
780000	970000	3.0540605
790000	970000	0.4970635
810000	970000	1.4328623
820000	970000	2.1757114
830000	970000	5.1942415
840000	970000	9.252938
850000	970000	9.406922
860000	970000	4.3378186
870000	970000	3.1821327
880000	970000	5.7165313
890000	970000	3.7841196
900000	970000	5.5548224
910000	970000	13.58228
920000	970000	11.957862
930000	970000	15.744004
940000	970000	12.643623
950000	970000	11.974432
960000	970000	35.384296
970000	970000	106.28578
230000	980000	0.8594316
250000	980000	1.5044644
270000	980000	0.791057
280000	980000	0.76922274
300000	980000	1.6011034
310000	980000	1.1045265
330000	980000	0.8992594
390000	980000	0.88923573
420000	980000	0.76378095
430000	980000	0.86558163
440000	980000	2.1027246
450000	980000	0.8042373
480000	980000	0.87922347
490000	980000	0.720039
500000	980000	0.7928649
510000	980000	0.8846884
520000	980000	2.3920012
530000	980000	1.4060074
550000	980000	0.7004114
560000	980000	0.6142832
570000	980000	0.7926447
580000	980000	1.793433
590000	980000	3.2729094
600000	980000	1.6229753
610000	980000	0.84849477
620000	980000	0.7846112
630000	980000	0.9469947
640000	980000	1.5393327
650000	980000	0.8574798
670000	980000	0.9126046
680000	980000	0.723272
700000	980000	1.556699
710000	980000	1.5179179
720000	980000	0.7579634
740000	980000	1.590614
750000	980000	1.5878923
760000	980000	0.7207137
770000	980000	2.9965987
780000	980000	0.67213875
790000	980000	3.2818177
800000	980000	3.913429
810000	980000	5.5185356
820000	980000	1.1970785
830000	980000	5.001284
840000	980000	2.3496811
850000	980000	5.1756973
860000	980000	6.682681
870000	980000	2.8012998
880000	980000	5.5915394
890000	980000	7.2870917
900000	980000	6.876604
910000	980000	7.866298
920000	980000	9.868841
930000	980000	2.735484
940000	980000	9.002573
950000	980000	10.85139
960000	980000	15.574779
970000	980000	18.424746
980000	980000	117.24022
190000	990000	0.71017504
200000	990000	0.81773835
210000	990000	0.86230445
220000	990000	1.0958694
230000	990000	1.0184462
240000	990000	1.2884114
260000	990000	1.001833
290000	990000	0.8975863
310000	990000	1.3088893
340000	990000	1.216973
350000	990000	1.0733434
400000	990000	1.0538726
430000	990000	1.0257342
450000	990000	0.9530397
460000	990000	1.4063222
470000	990000	1.5047891
490000	990000	0.8532628
540000	990000	1.0968215
550000	990000	0.8300036
580000	990000	1.0626297
600000	990000	0.9616316
610000	990000	1.0054858
630000	990000	1.1222105
660000	990000	2.0865154
680000	990000	0.857094
700000	990000	1.8447242
720000	990000	0.8982041
730000	990000	1.0424846
740000	990000	0.9424571
750000	990000	1.8816888
780000	990000	0.7964999
790000	990000	1.9445146
800000	990000	2.7825022
810000	990000	1.8684547
820000	990000	8.511394
830000	990000	4.2333117
850000	990000	2.4533281
860000	990000	1.1313044
870000	990000	6.6392093
880000	990000	7.4543657
890000	990000	6.1681223
900000	990000	6.33806
910000	990000	6.525221
920000	990000	9.745669
930000	990000	7.56376
940000	990000	10.668256
950000	990000	7.3480835
960000	990000	15.688
970000	990000	18.036573
980000	990000	29.248917
990000	990000	133.69102
190000	1000000	1.0398319
200000	1000000	0.59866256
230000	1000000	0.74559987
240000	1000000	0.9432401
260000	1000000	0.73343736
280000	1000000	2.0020173
320000	1000000	0.9925934
330000	1000000	0.78015244
350000	1000000	0.7857898
380000	1000000	0.6640492
410000	1000000	0.8707635
490000	1000000	1.2493396
500000	1000000	0.68784994
520000	1000000	1.3834537
530000	1000000	1.2197816
550000	1000000	1.2152838
560000	1000000	1.0658426
570000	1000000	2.0629766
590000	1000000	1.4197061
600000	1000000	2.8160243
610000	1000000	1.4722232
620000	1000000	1.3613788
630000	1000000	0.8215652
640000	1000000	4.006344
660000	1000000	1.5275284
670000	1000000	0.79173005
680000	1000000	0.6274746
690000	1000000	0.58484906
700000	1000000	0.6752571
710000	1000000	0.65843475
720000	1000000	2.6302845
730000	1000000	0.76319826
740000	1000000	2.0699055
750000	1000000	1.3775759
760000	1000000	1.8757653
770000	1000000	4.5494733
780000	1000000	1.7493418
790000	1000000	2.3726172
810000	1000000	4.7876053
820000	1000000	2.0770507
830000	1000000	4.958701
840000	1000000	4.75642
850000	1000000	1.7960705
860000	1000000	4.141114
870000	1000000	6.6832356
880000	1000000	6.670042
890000	1000000	3.6125236
900000	1000000	3.9771984
910000	1000000	8.189288
920000	1000000	3.5673802
930000	1000000	6.3284507
940000	1000000	8.520198
950000	1000000	10.08656
960000	1000000	10.809518
970000	1000000	11.119573
980000	1000000	21.412998
990000	1000000	19.937418
1000000	1000000	106.153404
200000	1010000	0.55540687
220000	1010000	0.74431306
240000	1010000	0.8750874
250000	1010000	0.60544616
260000	1010000	0.68044364
270000	1010000	0.63669497
280000	1010000	1.2382426
290000	1010000	1.2192789
330000	1010000	0.7237834
340000	1010000	0.8265665
370000	1010000	0.78942764
380000	1010000	0.61606914
390000	1010000	0.7157157
400000	1010000	0.71578896
420000	1010000	0.61474144
430000	1010000	0.6966773
450000	1010000	1.2946067
460000	1010000	0.9551723
480000	1010000	2.1229715
540000	1010000	2.2348795
550000	1010000	1.1274748
560000	1010000	0.9888314
570000	1010000	1.9139185
580000	1010000	2.886947
590000	1010000	1.9756904
600000	1010000	1.3062779
610000	1010000	0.6829246
620000	1010000	0.631507
630000	1010000	3.048816
640000	1010000	1.8584352
650000	1010000	2.7606258
660000	1010000	3.5428965
680000	1010000	0.5821371
690000	1010000	0.54259145
700000	1010000	3.1323357
710000	1010000	1.8325809
720000	1010000	0.6100591
740000	1010000	1.2802314
750000	1010000	1.9170611
760000	1010000	3.480468
770000	1010000	4.8237214
780000	1010000	2.7049086
790000	1010000	2.2011864
800000	1010000	2.5198293
810000	1010000	2.538104
820000	1010000	1.4452319
830000	1010000	1.725156
840000	1010000	5.0431433
850000	1010000	3.3325949
860000	1010000	2.3051417
870000	1010000	3.382007
880000	1010000	3.3753304
890000	1010000	1.6757524
900000	1010000	5.5347457
910000	1010000	6.331317
920000	1010000	4.6334724
930000	1010000	8.072894
940000	1010000	9.880726
950000	1010000	9.981618
960000	1010000	11.28205
970000	1010000	14.8294525
980000	1010000	5.6759505
990000	1010000	17.656096
1000000	1010000	23.38981
1010000	1010000	104.50169
