180000	180000	317.5359
180000	190000	117.25316
190000	190000	118.76867
180000	200000	30.610619
190000	200000	90.99127
200000	200000	82.62462
130000	210000	50.556686
180000	210000	27.95504
190000	210000	32.5164
200000	210000	69.16859
210000	210000	124.42175
180000	220000	21.601418
190000	220000	19.5425
200000	220000	57.497036
210000	220000	75.43542
220000	220000	95.1506
180000	230000	10.97128
190000	230000	36.15741
200000	230000	49.35639
210000	230000	55.591946
220000	230000	99.26552
230000	230000	86.68115
130000	240000	59.32329
180000	240000	14.578882
190000	240000	21.903675
200000	240000	38.531704
210000	240000	26.953232
220000	240000	39.918995
230000	240000	59.94262
240000	240000	72.91772
180000	250000	20.659798
190000	250000	29.370987
200000	250000	31.755194
210000	250000	26.171019
220000	250000	26.235075
230000	250000	36.642918
240000	250000	73.03789
250000	250000	65.081
180000	260000	29.67225
190000	260000	16.435143
200000	260000	20.976414
210000	260000	25.251928
220000	260000	27.250452
230000	260000	28.706022
240000	260000	44.95685
250000	260000	76.257195
260000	260000	72.48718
180000	270000	18.124159
190000	270000	16.162434
200000	270000	18.753044
210000	270000	9.679999
220000	270000	13.809099
230000	270000	18.410675
240000	270000	23.590784
250000	270000	37.14511
260000	270000	67.06728
270000	270000	69.51719
180000	280000	4.4529767
190000	280000	10.359117
200000	280000	13.021166
210000	280000	14.635735
220000	280000	20.144735
230000	280000	9.69294
240000	280000	20.39364
250000	280000	28.3929
260000	280000	29.959917
270000	280000	82.196915
280000	280000	90.48497
190000	290000	13.6500435
200000	290000	11.518513
210000	290000	12.491598
220000	290000	14.478762
230000	290000	9.288897
240000	290000	14.6576605
250000	290000	20.407022
260000	290000	32.299942
270000	290000	42.96578
280000	290000	92.36838
290000	290000	78.58237
180000	300000	3.2698536
190000	300000	10.776265
200000	300000	7.355029
210000	300000	6.716954
220000	300000	16.349524
230000	300000	16.607725
240000	300000	17.339705
250000	300000	20.849115
260000	300000	10.999893
270000	300000	29.003096
280000	300000	39.481083
290000	300000	74.74787
300000	300000	87.680855
180000	310000	13.831722
190000	310000	13.407176
200000	310000	11.407849
210000	310000	14.206607
220000	310000	10.977729
230000	310000	10.035986
240000	310000	6.6680217
250000	310000	14.698883
260000	310000	16.802631
270000	310000	32.052902
280000	310000	27.155758
290000	310000	27.32498
300000	310000	52.84278
310000	310000	99.81478
180000	320000	8.280102
190000	320000	11.236337
200000	320000	15.831085
210000	320000	12.756779
220000	320000	8.871676
230000	320000	7.0091643
240000	320000	13.9709015
250000	320000	11.3132715
260000	320000	18.569687
270000	320000	20.841995
280000	320000	18.288322
290000	320000	24.53638
300000	320000	42.078312
310000	320000	70.6928
320000	320000	74.813805
130000	330000	61.833454
190000	330000	5.8917394
200000	330000	7.6906157
210000	330000	4.6822853
220000	330000	12.663334
230000	330000	18.376171
240000	330000	10.9884
250000	330000	14.706615
260000	330000	9.58482
270000	330000	16.392656
280000	330000	13.425198
290000	330000	26.535254
300000	330000	27.110107
310000	330000	47.49281
320000	330000	85.29204
330000	330000	79.21904
180000	340000	12.483283
190000	340000	20.166876
200000	340000	14.039606
210000	340000	10.257297
220000	340000	9.907522
230000	340000	13.083184
240000	340000	19.056885
250000	340000	13.265905
260000	340000	10.498543
270000	340000	16.957851
280000	340000	17.15586
290000	340000	18.495823
300000	340000	22.495848
310000	340000	35.526062
320000	340000	47.850777
330000	340000	75.27123
340000	340000	95.0429
180000	350000	9.194962
190000	350000	25.84693
200000	350000	14.477849
210000	350000	7.55534
220000	350000	13.135865
230000	350000	15.5672
240000	350000	19.947256
250000	350000	24.079588
260000	350000	21.910273
270000	350000	20.94054
280000	350000	17.601116
290000	350000	12.65057
300000	350000	30.820267
310000	350000	35.046238
320000	350000	32.72845
330000	350000	35.80722
340000	350000	67.054794
350000	350000	64.301956
180000	360000	7.9805846
190000	360000	16.244825
200000	360000	15.258426
210000	360000	7.3771963
220000	360000	9.500845
230000	360000	8.685799
240000	360000	16.351002
250000	360000	17.264723
260000	360000	19.016586
270000	360000	13.392051
280000	360000	24.677486
290000	360000	12.669013
300000	360000	15.532166
310000	360000	26.767567
320000	360000	21.850777
330000	360000	20.05043
340000	360000	27.452303
350000	360000	69.15538
360000	360000	53.703934
130000	370000	68.454506
180000	370000	4.2057266
190000	370000	10.599257
200000	370000	6.622092
210000	370000	9.503374
220000	370000	6.008275
230000	370000	6.1031613
240000	370000	11.151274
250000	370000	13.408197
260000	370000	8.253118
270000	370000	6.049321
280000	370000	13.624189
290000	370000	17.80401
300000	370000	23.646626
310000	370000	14.106369
320000	370000	19.575918
330000	370000	17.963003
340000	370000	35.878708
350000	370000	23.017597
360000	370000	69.92184
370000	370000	66.67814
180000	380000	7.4446383
190000	380000	7.216135
200000	380000	10.884614
210000	380000	10.704977
220000	380000	9.7490835
230000	380000	11.703601
240000	380000	9.869542
250000	380000	9.324114
260000	380000	12.522002
270000	380000	18.739037
280000	380000	10.962018
290000	380000	14.18185
300000	380000	12.879185
310000	380000	23.834957
320000	380000	21.402527
330000	380000	16.833527
340000	380000	12.292179
350000	380000	16.976622
360000	380000	43.221268
370000	380000	68.332146
380000	380000	75.139366
180000	390000	4.266805
190000	390000	5.790178
200000	390000	8.637766
210000	390000	7.0119195
220000	390000	10.159219
230000	390000	10.319659
240000	390000	13.37017
250000	390000	11.659646
260000	390000	8.372975
270000	390000	10.228623
280000	390000	18.84825
290000	390000	16.256315
300000	390000	23.067345
310000	390000	14.311232
320000	390000	10.514231
330000	390000	9.647934
340000	390000	17.61279
350000	390000	16.865242
360000	390000	24.771751
370000	390000	40.350533
380000	390000	63.022285
390000	390000	63.812828
180000	400000	8.975279
190000	400000	8.699795
200000	400000	13.122524
210000	400000	11.062245
220000	400000	7.479516
230000	400000	16.280651
240000	400000	10.817046
250000	400000	10.219255
260000	400000	8.80633
270000	400000	7.530613
280000	400000	15.859012
290000	400000	12.348327
300000	400000	11.645389
310000	400000	16.420284
320000	400000	15.973256
330000	400000	4.5099
340000	400000	12.349574
350000	400000	15.009183
360000	400000	20.132517
370000	400000	21.219463
380000	400000	18.78049
390000	400000	68.381874
400000	400000	62.59797
180000	410000	5.563523
190000	410000	5.392758
200000	410000	7.5085697
210000	410000	4.5714498
220000	410000	15.8960285
230000	410000	9.419123
240000	410000	2.682073
250000	410000	12.669258
260000	410000	14.036903
270000	410000	16.004623
280000	410000	9.830555
290000	410000	11.7759695
300000	410000	12.031081
310000	410000	13.571297
320000	410000	9.139728
330000	410000	13.977801
340000	410000	4.5930924
350000	410000	21.99073
360000	410000	16.150045
370000	410000	13.927075
380000	410000	23.282997
390000	410000	34.538372
400000	410000	57.791286
410000	410000	36.84671
180000	420000	3.548917
190000	420000	7.567973
200000	420000	9.579287
210000	420000	4.374125
220000	420000	7.6049414
230000	420000	5.1500287
240000	420000	6.843473
250000	420000	11.314235
260000	420000	12.933561
270000	420000	8.507661
280000	420000	10.451359
290000	420000	11.267664
300000	420000	8.44196
310000	420000	8.656998
320000	420000	10.688597
330000	420000	15.157716
340000	420000	9.766296
350000	420000	14.027672
360000	420000	11.238499
370000	420000	14.806576
380000	420000	14.851996
390000	420000	28.040335
400000	420000	36.8645
410000	420000	83.57034
420000	420000	69.13473
180000	430000	4.416962
190000	430000	11.987891
200000	430000	10.9288
210000	430000	8.166018
220000	430000	6.310045
230000	430000	6.4096966
240000	430000	7.4526796
250000	430000	12.069971
260000	430000	6.191169
270000	430000	12.7063055
280000	430000	11.706933
290000	430000	10.284026
300000	430000	12.417147
310000	430000	10.774451
320000	430000	6.0468035
330000	430000	6.658309
340000	430000	10.939569
350000	430000	5.371927
360000	430000	19.815445
370000	430000	12.285455
380000	430000	14.135368
390000	430000	16.203033
400000	430000	22.285227
410000	430000	39.004192
420000	430000	69.45776
430000	430000	86.44675
130000	440000	55.9197
180000	440000	13.74244
190000	440000	7.326349
200000	440000	7.7278724
210000	440000	10.586179
220000	440000	7.362137
230000	440000	14.125874
240000	440000	9.109347
250000	440000	6.2588587
260000	440000	8.668128
270000	440000	5.765225
280000	440000	8.094141
290000	440000	10.907919
300000	440000	9.658329
310000	440000	10.475756
320000	440000	11.288007
330000	440000	6.9053044
340000	440000	4.727243
350000	440000	9.401405
360000	440000	15.412887
370000	440000	15.289433
380000	440000	14.377814
390000	440000	16.480944
400000	440000	30.5893
410000	440000	34.130604
420000	440000	38.705032
430000	440000	61.218666
440000	440000	60.106983
190000	450000	6.8621764
200000	450000	7.1658783
210000	450000	6.5442133
220000	450000	7.5852666
230000	450000	11.129528
240000	450000	17.06442
250000	450000	7.2546196
260000	450000	9.923155
270000	450000	10.182781
280000	450000	8.339457
290000	450000	11.238514
300000	450000	10.7165165
310000	450000	11.872578
320000	450000	10.660944
330000	450000	8.003913
340000	450000	8.766927
350000	450000	9.686341
360000	450000	13.077661
370000	450000	12.799168
380000	450000	8.713867
390000	450000	13.983895
400000	450000	21.01093
410000	450000	14.326492
420000	450000	18.27746
430000	450000	29.986032
440000	450000	57.90735
450000	450000	113.52427
130000	460000	55.585384
190000	460000	3.310249
200000	460000	11.522507
210000	460000	7.7167854
220000	460000	5.6918726
230000	460000	10.737558
240000	460000	6.5853724
250000	460000	8.55448
260000	460000	8.616305
270000	460000	7.3681164
280000	460000	7.0400314
290000	460000	7.951318
300000	460000	3.6925333
310000	460000	5.206563
320000	460000	4.675217
330000	460000	7.7220235
340000	460000	10.337758
350000	460000	7.268488
360000	460000	7.20976
370000	460000	8.548889
380000	460000	13.451159
390000	460000	11.564056
400000	460000	12.162569
410000	460000	17.591547
420000	460000	16.03068
430000	460000	13.966187
440000	460000	18.622639
450000	460000	58.360607
460000	460000	75.58782
190000	470000	4.6634874
200000	470000	6.7637243
210000	470000	6.176947
220000	470000	1.4319152
230000	470000	5.818115
240000	470000	7.2480392
250000	470000	6.847485
260000	470000	3.3718536
270000	470000	5.76679
280000	470000	14.168592
290000	470000	8.910552
300000	470000	13.005126
310000	470000	7.3350196
320000	470000	13.172916
330000	470000	10.576618
340000	470000	6.6199365
350000	470000	7.3141894
360000	470000	7.935257
370000	470000	10.036414
380000	470000	8.882826
390000	470000	15.273255
400000	470000	7.139441
410000	470000	17.702154
420000	470000	9.880528
430000	470000	15.81075
440000	470000	23.229456
450000	470000	30.972752
460000	470000	80.13789
470000	470000	74.14942
180000	480000	9.535365
190000	480000	7.3941517
200000	480000	11.439108
210000	480000	7.182123
220000	480000	5.297508
230000	480000	9.9936
240000	480000	9.959789
250000	480000	5.790384
260000	480000	5.346213
270000	480000	5.3336983
280000	480000	9.36037
290000	480000	6.727642
300000	480000	9.622743
310000	480000	4.8458233
320000	480000	9.572843
330000	480000	9.582665
340000	480000	10.496182
350000	480000	7.731299
360000	480000	6.710228
370000	480000	11.492829
380000	480000	5.4771442
390000	480000	13.453542
400000	480000	8.489908
410000	480000	10.5253105
420000	480000	17.903982
430000	480000	12.070065
440000	480000	14.443632
450000	480000	35.71533
460000	480000	42.353977
470000	480000	56.887238
480000	480000	81.51142
180000	490000	3.3189864
190000	490000	8.364498
200000	490000	2.9862182
210000	490000	7.4996715
220000	490000	9.482966
230000	490000	7.2245455
240000	490000	6.4000916
250000	490000	6.802198
260000	490000	2.7912946
270000	490000	6.365167
280000	490000	6.8419585
290000	490000	3.512548
300000	490000	3.588643
310000	490000	4.04806
320000	490000	8.178622
330000	490000	6.6709003
340000	490000	2.7400644
350000	490000	8.073129
360000	490000	9.634504
370000	490000	10.154667
380000	490000	11.438619
390000	490000	6.5559072
400000	490000	9.85031
410000	490000	13.433046
420000	490000	13.242705
430000	490000	6.7866225
440000	490000	14.328127
450000	490000	20.20115
460000	490000	38.229774
470000	490000	42.241734
480000	490000	111.62668
490000	490000	77.95091
180000	500000	3.549043
190000	500000	4.816154
200000	500000	6.386418
210000	500000	10.206654
220000	500000	5.070141
230000	500000	8.583686
240000	500000	9.4101095
250000	500000	4.8491297
260000	500000	4.974623
270000	500000	5.955574
280000	500000	6.271038
290000	500000	9.7656555
300000	500000	4.604869
310000	500000	5.4108157
320000	500000	5.8303504
330000	500000	5.349972
340000	500000	3.906657
350000	500000	1.07909
360000	500000	7.492598
370000	500000	6.909981
380000	500000	10.484135
390000	500000	11.016236
400000	500000	29.492645
410000	500000	14.364162
420000	500000	12.494672
430000	500000	15.550798
440000	500000	19.353203
450000	500000	23.263048
460000	500000	21.642187
470000	500000	23.99642
480000	500000	34.317184
490000	500000	84.912125
500000	500000	74.13768
180000	510000	3.633062
190000	510000	8.45172
200000	510000	6.537608
210000	510000	13.433507
220000	510000	6.9202266
230000	510000	8.786894
240000	510000	6.130016
250000	510000	5.791248
260000	510000	6.1108694
270000	510000	5.225627
280000	510000	3.2097485
290000	510000	4.6139283
300000	510000	8.642119
310000	510000	6.6466923
320000	510000	6.963106
330000	510000	7.3021674
340000	510000	8.99807
350000	510000	9.941725
360000	510000	4.793735
370000	510000	6.0630565
380000	510000	10.732333
390000	510000	7.176293
400000	510000	16.173668
410000	510000	20.051203
420000	510000	13.643165
430000	510000	18.04147
440000	510000	18.160418
450000	510000	18.71082
460000	510000	15.59023
470000	510000	20.229591
480000	510000	29.020103
490000	510000	22.328667
500000	510000	88.683716
510000	510000	90.783195
180000	520000	8.157068
190000	520000	6.3253584
200000	520000	3.6696122
210000	520000	5.585434
220000	520000	5.179172
230000	520000	5.2609644
240000	520000	5.2431655
250000	520000	7.4301124
260000	520000	5.3356805
270000	520000	5.214554
280000	520000	4.0036836
290000	520000	8.057265
300000	520000	8.231816
310000	520000	2.487228
320000	520000	3.722331
330000	520000	5.4650207
340000	520000	8.979003
350000	520000	6.613772
360000	520000	14.350731
370000	520000	4.537657
380000	520000	11.378941
390000	520000	18.414223
400000	520000	17.753334
410000	520000	8.003486
420000	520000	12.1251955
430000	520000	15.090951
440000	520000	8.649106
450000	520000	14.639895
460000	520000	7.3691974
470000	520000	12.9771805
480000	520000	16.003443
490000	520000	17.904657
500000	520000	21.698488
510000	520000	56.837032
520000	520000	93.87574
190000	530000	1.4106723
200000	530000	2.455175
210000	530000	8.221326
220000	530000	0.8662886
230000	530000	9.679665
240000	530000	5.2619543
250000	530000	4.9711585
260000	530000	3.0598862
270000	530000	5.23324
280000	530000	4.2858996
290000	530000	1.5402168
300000	530000	3.9339592
310000	530000	5.54698
320000	530000	4.980893
330000	530000	4.5705037
340000	530000	6.007453
350000	530000	3.3187363
360000	530000	6.7210064
370000	530000	3.035945
380000	530000	5.373985
390000	530000	7.186748
400000	530000	10.798154
410000	530000	8.0321665
420000	530000	11.955161
430000	530000	12.753709
440000	530000	9.9201145
450000	530000	5.1103854
460000	530000	13.147742
470000	530000	10.129532
480000	530000	13.001593
490000	530000	15.17367
500000	530000	20.495289
510000	530000	34.093296
520000	530000	65.4251
530000	530000	71.78777
190000	540000	7.390603
200000	540000	0.77956486
210000	540000	2.8477395
220000	540000	2.4755683
230000	540000	4.1911063
240000	540000	6.683083
250000	540000	2.3676565
260000	540000	4.857861
270000	540000	4.9849606
280000	540000	3.0619235
290000	540000	5.1350064
300000	540000	5.2462497
310000	540000	4.227052
320000	540000	1.8978343
330000	540000	6.095133
340000	540000	3.8149617
350000	540000	1.0537621
360000	540000	3.6583676
370000	540000	3.8558815
380000	540000	5.972199
390000	540000	9.779698
400000	540000	8.228687
410000	540000	8.926281
420000	540000	4.067134
430000	540000	8.099092
440000	540000	7.8745637
450000	540000	8.113224
460000	540000	13.3067255
470000	540000	11.027382
480000	540000	13.1132765
490000	540000	9.889435
500000	540000	10.5749235
510000	540000	16.654264
520000	540000	23.058826
530000	540000	71.71767
540000	540000	80.23062
190000	550000	1.821146
200000	550000	4.2261004
210000	550000	1.9297357
220000	550000	5.2190084
230000	550000	4.544083
240000	550000	3.0191395
250000	550000	4.2784357
260000	550000	2.633496
270000	550000	4.503997
280000	550000	2.7664998
290000	550000	4.6395655
300000	550000	2.7086148
310000	550000	5.7288203
320000	550000	2.5720882
330000	550000	2.3601668
340000	550000	0.8617207
350000	550000	2.8562758
360000	550000	3.3053973
370000	550000	4.354818
380000	550000	3.083419
390000	550000	7.0688987
400000	550000	3.7173793
410000	550000	6.9128966
420000	550000	5.8795595
430000	550000	7.3176665
440000	550000	7.114802
450000	550000	9.529566
460000	550000	3.5361328
470000	550000	6.227142
480000	550000	7.2404857
490000	550000	17.870544
500000	550000	10.289594
510000	550000	15.799781
520000	550000	18.581713
530000	550000	43.701065
540000	550000	70.33657
550000	550000	63.55028
190000	560000	2.8208995
200000	560000	5.89149
210000	560000	5.3803825
220000	560000	2.771686
230000	560000	2.8154583
240000	560000	1.4029664
250000	560000	4.639016
260000	560000	3.2633636
270000	560000	2.790621
280000	560000	4.2852235
290000	560000	3.6959374
300000	560000	2.5173368
310000	560000	1.7747535
330000	560000	1.4623305
340000	560000	1.6017348
350000	560000	2.65457
360000	560000	3.0719755
370000	560000	2.4283726
380000	560000	5.014928
390000	560000	3.2848523
400000	560000	7.773444
410000	560000	3.2123597
420000	560000	4.78131
430000	560000	5.100679
440000	560000	5.9511294
450000	560000	10.900435
460000	560000	7.2301173
470000	560000	3.4724345
480000	560000	9.1761465
490000	560000	5.749115
500000	560000	8.196822
510000	560000	16.781744
520000	560000	19.362774
530000	560000	28.71058
540000	560000	38.02104
550000	560000	78.95084
560000	560000	91.85936
190000	570000	1.7382126
200000	570000	3.3613727
210000	570000	1.2279047
220000	570000	6.404579
230000	570000	7.2285824
240000	570000	1.4408252
250000	570000	1.3611997
260000	570000	3.351425
270000	570000	1.4329628
280000	570000	3.5206876
290000	570000	6.3261194
300000	570000	5.170533
310000	570000	4.5566125
320000	570000	1.6366384
330000	570000	3.0035825
340000	570000	3.2899146
350000	570000	5.452407
360000	570000	1.5774361
370000	570000	2.493902
380000	570000	3.6787534
390000	570000	8.433734
400000	570000	7.9832096
410000	570000	7.6977706
420000	570000	5.6118093
430000	570000	7.8574796
440000	570000	5.4326396
450000	570000	8.395936
460000	570000	6.0751805
470000	570000	7.1322756
480000	570000	6.91076
490000	570000	11.15248
500000	570000	16.134523
510000	570000	10.771623
520000	570000	17.735516
530000	570000	16.540552
540000	570000	23.97625
550000	570000	36.517544
560000	570000	94.91341
570000	570000	63.21082
190000	580000	5.5535984
200000	580000	2.416411
210000	580000	2.9423716
220000	580000	1.705222
230000	580000	4.33038
240000	580000	2.5894375
250000	580000	5.7081156
260000	580000	1.0038582
270000	580000	1.7168714
280000	580000	3.1636732
290000	580000	5.305646
300000	580000	3.8718472
310000	580000	2.1837602
320000	580000	1.9609005
330000	580000	1.7993367
340000	580000	0.9854338
350000	580000	7.6214547
360000	580000	3.7799375
370000	580000	2.9880111
380000	580000	2.6445682
390000	580000	3.0314052
400000	580000	2.125533
410000	580000	5.2702327
420000	580000	1.680915
430000	580000	5.2301435
440000	580000	5.6953683
450000	580000	8.382832
460000	580000	2.4262793
470000	580000	5.6969147
480000	580000	7.527244
490000	580000	9.432061
500000	580000	8.404873
510000	580000	7.743463
520000	580000	16.09803
530000	580000	12.062936
540000	580000	24.622793
550000	580000	25.954964
560000	580000	30.324883
570000	580000	74.31899
580000	580000	61.906494
190000	590000	0.7395638
200000	590000	0.85810554
210000	590000	2.3509855
220000	590000	2.7249804
230000	590000	5.5360293
240000	590000	1.8391
250000	590000	3.4749286
260000	590000	2.138915
270000	590000	2.7435963
280000	590000	6.740821
290000	590000	1.6149586
300000	590000	2.474917
310000	590000	3.489694
330000	590000	0.95845914
340000	590000	2.0996585
350000	590000	2.319856
360000	590000	2.013473
370000	590000	1.0610898
380000	590000	4.6956387
390000	590000	8.611998
400000	590000	2.2644308
410000	590000	7.0182843
420000	590000	8.953791
430000	590000	10.029454
440000	590000	4.3339605
450000	590000	5.358376
460000	590000	6.0312696
470000	590000	4.5518937
480000	590000	4.8114767
490000	590000	6.698947
500000	590000	8.954108
510000	590000	8.249476
520000	590000	12.347995
530000	590000	11.015327
540000	590000	19.236671
550000	590000	23.7009
560000	590000	22.02718
570000	590000	31.67021
580000	590000	89.44163
590000	590000	92.398926
190000	600000	1.1196144
200000	600000	3.8972187
210000	600000	2.9659343
220000	600000	6.187959
230000	600000	2.0952277
240000	600000	1.3920927
250000	600000	1.9727405
260000	600000	2.428553
270000	600000	2.0767443
280000	600000	4.252011
290000	600000	2.4448612
300000	600000	1.8733696
310000	600000	3.5219965
320000	600000	0.7906414
330000	600000	1.4509966
340000	600000	0.7946602
350000	600000	3.5119946
360000	600000	2.2861245
370000	600000	2.4095516
380000	600000	1.4217312
390000	600000	1.6296965
400000	600000	4.285109
410000	600000	7.437412
420000	600000	2.7110014
430000	600000	8.435243
440000	600000	4.5927815
450000	600000	5.4079757
460000	600000	3.9131346
470000	600000	6.8910427
480000	600000	5.463016
490000	600000	9.507594
500000	600000	7.4555187
510000	600000	6.9381986
520000	600000	15.5778675
530000	600000	13.201783
540000	600000	17.208515
550000	600000	23.322279
560000	600000	25.009958
570000	600000	40.524982
580000	600000	58.12812
590000	600000	86.69728
600000	600000	73.34542
180000	610000	3.6416523
190000	610000	2.8239014
200000	610000	3.2765331
210000	610000	1.4961412
220000	610000	4.335368
230000	610000	5.2846017
240000	610000	0.8777871
250000	610000	2.4878318
260000	610000	2.0417728
270000	610000	3.4919887
280000	610000	2.1448917
290000	610000	1.5416126
300000	610000	1.5750098
310000	610000	3.331204
320000	610000	3.9883258
330000	610000	1.8298583
340000	610000	1.0021495
350000	610000	2.214496
360000	610000	0.9610139
370000	610000	1.0128987
380000	610000	1.7929516
390000	610000	3.0828261
400000	610000	4.323176
420000	610000	5.982998
430000	610000	2.1275444
440000	610000	2.482276
450000	610000	5.9675193
460000	610000	5.75735
470000	610000	1.4483875
480000	610000	3.8274634
490000	610000	13.588745
500000	610000	5.1284657
510000	610000	9.624772
520000	610000	14.406566
530000	610000	23.65886
540000	610000	25.040464
550000	610000	21.870335
560000	610000	28.736599
570000	610000	33.830887
580000	610000	40.5337
590000	610000	30.319603
600000	610000	70.93696
610000	610000	76.30319
190000	620000	2.0599122
200000	620000	2.3900874
210000	620000	1.4551592
240000	620000	3.4149718
260000	620000	3.97169
270000	620000	4.245421
280000	620000	5.2153487
290000	620000	2.2490778
300000	620000	1.5318674
310000	620000	1.0799855
320000	620000	1.9395392
330000	620000	1.7797352
350000	620000	1.0769185
360000	620000	2.80407
370000	620000	0.9851536
380000	620000	0.8719197
400000	620000	1.0511891
410000	620000	3.9096153
420000	620000	4.156509
430000	620000	3.103901
440000	620000	1.6095214
450000	620000	4.145756
460000	620000	7.999494
470000	620000	1.4087136
480000	620000	10.423343
490000	620000	9.329311
500000	620000	9.975976
510000	620000	11.063156
520000	620000	5.732159
530000	620000	16.192785
540000	620000	17.048193
550000	620000	21.271267
560000	620000	14.997267
570000	620000	19.6025
580000	620000	24.325083
590000	620000	29.489094
600000	620000	41.93745
610000	620000	68.241936
620000	620000	86.28447
190000	630000	0.62894005
200000	630000	2.9190013
210000	630000	0.6664419
220000	630000	1.544919
230000	630000	3.923293
240000	630000	1.5640079
250000	630000	2.2163622
270000	630000	1.5554732
280000	630000	1.9108435
290000	630000	1.3733935
300000	630000	1.4031464
310000	630000	2.9677064
320000	630000	0.888281
330000	630000	2.4452791
340000	630000	3.5711842
350000	630000	1.9728525
360000	630000	2.5684474
370000	630000	0.9023723
380000	630000	0.7986533
390000	630000	6.40834
400000	630000	2.8885767
410000	630000	5.9684916
420000	630000	5.3301396
430000	630000	4.738473
440000	630000	2.2114127
450000	630000	3.7973928
460000	630000	4.3963833
470000	630000	7.742046
480000	630000	4.0917773
490000	630000	3.5605752
500000	630000	6.8532796
510000	630000	7.0155225
520000	630000	9.917597
530000	630000	18.735315
540000	630000	26.026087
550000	630000	19.483868
560000	630000	14.985888
570000	630000	19.23785
580000	630000	20.744448
590000	630000	26.19264
600000	630000	32.21777
610000	630000	40.62997
620000	630000	88.153404
630000	630000	84.92249
190000	640000	0.6866616
200000	640000	1.5934476
210000	640000	2.910421
220000	640000	2.530058
230000	640000	2.570014
240000	640000	2.561319
250000	640000	1.6131806
260000	640000	0.9929574
270000	640000	1.6982281
280000	640000	3.1293192
290000	640000	3.7485948
300000	640000	2.297882
310000	640000	2.1600468
320000	640000	0.96980375
330000	640000	1.7797979
340000	640000	2.9241993
350000	640000	1.0769564
360000	640000	3.7388918
370000	640000	2.9555647
380000	640000	2.6158512
390000	640000	1.9989917
400000	640000	1.0512261
410000	640000	1.3032509
420000	640000	4.1566553
430000	640000	2.06934
440000	640000	0.804789
450000	640000	5.8042626
460000	640000	3.1999102
470000	640000	4.2262893
480000	640000	2.9782026
490000	640000	7.7747
500000	640000	5.8195243
510000	640000	7.659378
520000	640000	7.006219
530000	640000	8.522819
540000	640000	12.989556
550000	640000	12.469802
560000	640000	18.406384
570000	640000	11.201824
580000	640000	10.904731
590000	640000	18.766447
600000	640000	21.645897
610000	640000	29.8569
620000	640000	42.314068
630000	640000	61.55756
640000	640000	73.015076
200000	650000	0.74102813
210000	650000	1.3534826
220000	650000	4.7063837
240000	650000	3.176357
250000	650000	3.0008194
260000	650000	2.7706316
270000	650000	1.579512
280000	650000	0.9701871
290000	650000	2.0919275
300000	650000	1.424831
310000	650000	2.0090468
320000	650000	2.706026
340000	650000	0.90659356
360000	650000	1.7387606
370000	650000	5.4979067
390000	650000	4.648126
400000	650000	2.9332175
410000	650000	6.06073
420000	650000	4.639297
430000	650000	6.7363834
440000	650000	4.491177
450000	650000	4.6272945
460000	650000	5.9524355
470000	650000	7.8616934
480000	650000	4.155013
490000	650000	2.892481
500000	650000	4.6394615
510000	650000	4.7492948
520000	650000	8.886059
530000	650000	12.683238
540000	650000	12.08151
550000	650000	19.102736
560000	650000	8.242804
570000	650000	9.116406
580000	650000	14.823546
590000	650000	21.61041
600000	650000	14.470393
610000	650000	15.074994
620000	650000	33.182564
630000	650000	31.101114
640000	650000	87.20376
650000	650000	72.4945
180000	660000	3.1065776
190000	660000	1.8067353
200000	660000	2.7951062
210000	660000	0.6381552
220000	660000	4.4380374
240000	660000	1.4976245
250000	660000	0.70743006
270000	660000	4.4683566
280000	660000	1.829739
290000	660000	1.3151007
300000	660000	2.6871815
310000	660000	0.94724804
320000	660000	1.7011569
330000	660000	2.3414907
340000	660000	2.5647056
350000	660000	1.889116
360000	660000	2.4594312
370000	660000	1.7281433
380000	660000	2.2942648
390000	660000	4.3831015
400000	660000	0.92199093
410000	660000	5.7151623
420000	660000	2.187388
430000	660000	3.629881
440000	660000	5.646802
450000	660000	2.1817288
460000	660000	6.3146725
470000	660000	2.4711466
480000	660000	3.2650871
490000	660000	4.773228
500000	660000	4.374931
510000	660000	5.224919
520000	660000	6.1448917
530000	660000	8.970054
540000	660000	12.104692
550000	660000	16.083523
560000	660000	12.556093
570000	660000	10.438743
580000	660000	13.978345
590000	660000	14.108012
600000	660000	15.425153
610000	660000	14.963637
620000	660000	21.102947
630000	660000	18.66315
640000	660000	45.845947
650000	660000	72.4221
660000	660000	70.845764
180000	670000	3.477105
190000	670000	2.022228
200000	670000	1.5642419
210000	670000	3.5713458
220000	670000	4.9673705
230000	670000	2.5229092
250000	670000	2.3754196
260000	670000	2.9242735
270000	670000	3.3342037
280000	670000	3.071963
300000	670000	2.255765
310000	670000	3.180684
330000	670000	1.7471765
340000	670000	0.9568676
350000	670000	2.1144345
360000	670000	1.8351815
370000	670000	2.9013932
380000	670000	3.4238749
390000	670000	0.98117644
400000	670000	3.0958755
410000	670000	5.1174564
420000	670000	6.5287514
430000	670000	7.1099415
440000	670000	2.3701148
450000	670000	5.6978784
460000	670000	5.4972053
470000	670000	4.148827
480000	670000	2.9236162
490000	670000	0.76322
500000	670000	3.2644916
510000	670000	5.0126615
520000	670000	5.6272945
530000	670000	6.6932855
540000	670000	10.360574
550000	670000	17.281761
560000	670000	6.6922297
570000	670000	8.247382
580000	670000	18.115921
590000	670000	13.158917
600000	670000	11.952651
610000	670000	19.260635
620000	670000	15.47513
630000	670000	17.904976
640000	670000	24.435276
650000	670000	31.817947
660000	670000	80.72443
670000	670000	57.569782
190000	680000	1.9399785
200000	680000	3.0012398
210000	680000	2.0556538
220000	680000	3.1768897
230000	680000	1.6135304
240000	680000	4.020179
250000	680000	6.076813
260000	680000	0.9351118
270000	680000	2.3989446
280000	680000	4.911697
290000	680000	0.7060434
300000	680000	2.164017
310000	680000	2.0342114
320000	680000	0.91330695
330000	680000	2.5141714
340000	680000	0.91794926
350000	680000	4.0568695
360000	680000	2.6408095
370000	680000	3.7111812
380000	680000	1.6423084
390000	680000	4.706347
400000	680000	1.979972
410000	680000	4.9093156
420000	680000	3.914506
430000	680000	1.9487889
440000	680000	2.273716
450000	680000	4.6852546
460000	680000	2.2601225
470000	680000	13.266944
480000	680000	1.4023525
490000	680000	7.3217783
500000	680000	2.3487868
510000	680000	7.2131743
520000	680000	8.397538
530000	680000	12.039472
540000	680000	11.468286
550000	680000	11.052577
560000	680000	6.4200387
570000	680000	10.549252
580000	680000	17.379097
590000	680000	10.940548
600000	680000	13.377588
610000	680000	8.836947
620000	680000	16.408422
630000	680000	23.618008
640000	680000	20.315905
650000	680000	31.977343
660000	680000	40.433872
670000	680000	88.211815
680000	680000	66.96334
200000	690000	4.501512
210000	690000	1.37033
220000	690000	1.588322
230000	690000	0.80670285
240000	690000	1.6079472
250000	690000	1.519086
260000	690000	0.9350396
270000	690000	3.1983457
280000	690000	4.9113173
290000	690000	1.4119778
300000	690000	2.1638498
310000	690000	2.0340543
320000	690000	1.8264728
330000	690000	2.513977
340000	690000	1.8357567
350000	690000	2.0282779
360000	690000	1.7604036
370000	690000	2.7831707
380000	690000	4.1054535
390000	690000	2.82359
400000	690000	3.959638
410000	690000	1.2272341
420000	690000	3.9142034
430000	690000	2.9229574
440000	690000	6.062774
450000	690000	4.6848927
460000	690000	0.753316
470000	690000	2.6531837
480000	690000	4.907854
490000	690000	2.928485
500000	690000	5.480079
510000	690000	5.609813
520000	690000	5.997778
530000	690000	9.630834
540000	690000	9.17392
550000	690000	13.814653
560000	690000	17.332766
570000	690000	13.185546
580000	690000	11.848469
590000	690000	10.939702
600000	690000	7.6437454
610000	690000	16.869232
620000	690000	10.938103
630000	690000	15.02848
640000	690000	10.157167
650000	690000	26.88796
660000	690000	35.63388
670000	690000	35.281998
680000	690000	62.543343
690000	690000	80.19644
190000	700000	0.63483524
200000	700000	4.419543
210000	700000	0.6726886
220000	700000	2.3390996
230000	700000	2.3760402
240000	700000	1.5786676
250000	700000	2.982849
260000	700000	0.91801316
270000	700000	3.140106
280000	700000	1.9287542
290000	700000	4.851933
300000	700000	4.248895
310000	700000	0.9985078
320000	700000	4.483035
330000	700000	0.8227331
340000	700000	0.90116435
350000	700000	5.9740334
360000	700000	1.7283479
370000	700000	1.8216608
380000	700000	1.6122785
390000	700000	2.7721744
400000	700000	4.85942
410000	700000	1.204887
420000	700000	5.3801
430000	700000	2.8697324
440000	700000	0.7440469
450000	700000	3.0663893
460000	700000	5.1771903
470000	700000	5.209742
480000	700000	6.1951957
490000	700000	5.031529
500000	700000	1.537226
510000	700000	11.015325
520000	700000	8.243987
530000	700000	11.819328
540000	700000	13.5103035
550000	700000	11.528634
560000	700000	8.823707
570000	700000	7.1199956
580000	700000	6.2041154
590000	700000	7.435729
600000	700000	11.256838
610000	700000	11.830039
620000	700000	11.505994
630000	700000	9.836548
640000	700000	21.478611
650000	700000	15.696316
660000	700000	23.547604
670000	700000	30.87437
680000	700000	29.618628
690000	700000	75.124374
700000	700000	82.26676
180000	710000	5.846734
190000	710000	2.2669106
210000	710000	1.2010399
220000	710000	4.176304
230000	710000	2.1211293
240000	710000	1.409302
250000	710000	3.9942558
260000	710000	4.0976257
270000	710000	3.5040288
280000	710000	2.5827448
290000	710000	1.2375425
300000	710000	3.1608808
330000	710000	2.203401
340000	710000	0.80448395
350000	710000	3.5554104
360000	710000	3.085848
370000	710000	5.6917906
380000	710000	2.1589603
390000	710000	4.949529
400000	710000	1.7352328
410000	710000	3.226866
420000	710000	5.4890304
430000	710000	5.9776645
440000	710000	1.3284453
450000	710000	5.47483
460000	710000	3.9615095
470000	710000	5.8135257
480000	710000	9.217585
490000	710000	3.2083762
500000	710000	6.8615317
510000	710000	3.5119848
520000	710000	4.2054515
530000	710000	3.5171015
540000	710000	14.07101
550000	710000	12.107996
560000	710000	8.439712
570000	710000	6.3561344
580000	710000	8.307771
590000	710000	7.3755503
600000	710000	12.840593
610000	710000	11.968982
620000	710000	9.586813
630000	710000	14.42633
640000	710000	21.913486
650000	710000	16.560055
660000	710000	30.631073
670000	710000	24.200823
680000	710000	25.796122
690000	710000	31.597809
700000	710000	77.23953
710000	710000	85.90862
190000	720000	2.9519694
200000	720000	0.8562822
210000	720000	0.78199667
230000	720000	0.92071104
250000	720000	2.6006587
260000	720000	3.201555
270000	720000	3.6503553
290000	720000	2.4172904
300000	720000	0.82321936
310000	720000	2.3215191
320000	720000	2.084601
330000	720000	3.82569
360000	720000	1.0045973
370000	720000	2.1176703
380000	720000	0.93713224
390000	720000	5.3710613
400000	720000	1.1298095
410000	720000	4.202023
420000	720000	1.786953
430000	720000	3.3360474
440000	720000	4.3247514
450000	720000	3.5646598
460000	720000	6.018454
470000	720000	3.0281477
480000	720000	3.2008355
490000	720000	5.0135345
500000	720000	5.361049
510000	720000	11.890591
520000	720000	8.899046
530000	720000	12.823908
540000	720000	8.725362
550000	720000	22.862185
560000	720000	12.455545
570000	720000	9.029405
580000	720000	11.719904
590000	720000	12.485767
600000	720000	13.086009
610000	720000	10.085059
620000	720000	16.942492
630000	720000	10.61815
640000	720000	16.943089
650000	720000	25.711508
660000	720000	21.899164
670000	720000	20.134132
680000	720000	27.713146
690000	720000	37.787735
700000	720000	38.74852
710000	720000	67.71088
720000	720000	55.58736
180000	730000	6.0288744
190000	730000	2.3375306
200000	730000	1.356102
210000	730000	1.8576831
220000	730000	1.4354688
240000	730000	2.9064107
250000	730000	2.7457914
270000	730000	1.4452753
280000	730000	2.663204
290000	730000	3.1902378
300000	730000	1.3037401
310000	730000	1.8383057
320000	730000	4.1267524
330000	730000	0.7573476
340000	730000	2.488637
350000	730000	1.8330853
360000	730000	2.386485
370000	730000	1.676887
380000	730000	5.93658
390000	730000	5.9543395
400000	730000	0.8946449
410000	730000	2.2182608
420000	730000	4.952524
430000	730000	7.0444393
440000	730000	3.4245744
450000	730000	4.234039
460000	730000	2.7232804
470000	730000	5.9946322
480000	730000	7.603789
490000	730000	5.9549856
500000	730000	4.2451715
510000	730000	3.6213923
520000	730000	5.9626355
530000	730000	10.880005
540000	730000	10.363827
550000	730000	13.73371
560000	730000	12.183682
570000	730000	9.533301
580000	730000	7.8526974
590000	730000	12.92904
600000	730000	16.694683
610000	730000	10.163874
620000	730000	12.709886
630000	730000	13.582204
640000	730000	15.534852
650000	730000	15.762408
660000	730000	19.198914
670000	730000	22.181992
680000	730000	15.294849
690000	730000	21.943089
700000	730000	32.641697
710000	730000	35.550518
720000	730000	64.507835
730000	730000	76.32077
190000	740000	1.2473774
200000	740000	0.72365725
210000	740000	2.6435096
220000	740000	2.2980294
230000	740000	3.1124282
240000	740000	2.3264236
250000	740000	0.73261887
260000	740000	0.9018945
270000	740000	2.3137286
280000	740000	0.94744444
290000	740000	2.7238526
300000	740000	2.7828615
310000	740000	3.9239035
320000	740000	1.7617284
340000	740000	2.6560247
350000	740000	2.93457
360000	740000	0.84900063
370000	740000	5.369027
380000	740000	2.3759546
390000	740000	1.8156667
400000	740000	1.9096389
410000	740000	3.5511942
420000	740000	3.0203629
430000	740000	7.518254
440000	740000	2.1929483
450000	740000	5.2719607
460000	740000	2.9064505
470000	740000	3.8387015
480000	740000	5.4101505
490000	740000	2.8246768
500000	740000	4.5307055
510000	740000	2.318982
520000	740000	6.942204
530000	740000	10.063562
540000	740000	8.111331
550000	740000	10.659965
560000	740000	8.04958
570000	740000	8.266796
580000	740000	9.142774
590000	740000	8.116858
600000	740000	6.758393
610000	740000	18.59572
620000	740000	12.057568
630000	740000	13.80548
640000	740000	21.101486
650000	740000	12.61695
660000	740000	19.168297
670000	740000	16.275854
680000	740000	20.581923
690000	740000	24.128664
700000	740000	29.26325
710000	740000	20.525824
720000	740000	35.638283
730000	740000	67.98537
740000	740000	69.13556
200000	750000	0.6182035
210000	750000	3.387433
220000	750000	1.3087686
230000	750000	1.9941561
240000	750000	1.9874095
250000	750000	1.8775777
260000	750000	3.0818698
270000	750000	3.2942739
280000	750000	0.80937964
290000	750000	3.4903855
300000	750000	2.971667
310000	750000	1.6760495
320000	750000	3.010007
330000	750000	3.4525054
340000	750000	3.0253065
350000	750000	1.6712898
360000	750000	1.4505628
370000	750000	0.7644391
380000	750000	2.0297227
390000	750000	1.5510817
410000	750000	3.0337024
420000	750000	1.9351692
430000	750000	1.6056671
440000	750000	3.1223078
450000	750000	3.216938
460000	750000	3.103641
470000	750000	3.279313
480000	750000	1.733162
490000	750000	6.0326385
500000	750000	4.515555
510000	750000	5.9431567
520000	750000	5.4363494
530000	750000	7.9357533
540000	750000	5.6694446
550000	750000	7.968239
560000	750000	8.992435
570000	750000	5.9756494
580000	750000	9.763073
590000	750000	14.561487
600000	750000	8.397872
610000	750000	9.266769
620000	750000	12.875623
630000	750000	10.614329
640000	750000	14.163684
650000	750000	11.377164
660000	750000	16.375029
670000	750000	18.328108
680000	750000	16.976357
690000	750000	20.006304
700000	750000	20.237215
710000	750000	21.785576
720000	750000	24.217577
730000	750000	39.449417
740000	750000	67.83231
750000	750000	84.92316
190000	760000	1.4396765
200000	760000	2.784061
210000	760000	2.5425339
220000	760000	1.1788
230000	760000	2.9935408
240000	760000	4.1767783
250000	760000	1.1274153
260000	760000	2.7758217
270000	760000	0.5934266
280000	760000	0.7290034
290000	760000	3.667731
300000	760000	3.2118752
310000	760000	1.5096078
320000	760000	2.7110953
330000	760000	1.2438604
350000	760000	0.75266033
360000	760000	1.3065133
370000	760000	2.754103
380000	760000	1.2187726
390000	760000	1.39705
400000	760000	2.9387121
410000	760000	0.9108125
420000	760000	4.066989
430000	760000	1.4462148
440000	760000	1.6873463
450000	760000	2.3179815
460000	760000	3.913603
470000	760000	6.891868
480000	760000	3.642447
490000	760000	3.803493
500000	760000	2.9050953
510000	760000	4.163418
520000	760000	4.006217
530000	760000	11.912809
540000	760000	11.915014
550000	760000	12.815973
560000	760000	12.387367
570000	760000	9.296582
580000	760000	8.793541
590000	760000	9.99272
600000	760000	8.509402
610000	760000	8.942704
620000	760000	14.496245
630000	760000	10.622515
640000	760000	16.816236
650000	760000	17.258684
660000	760000	17.291801
670000	760000	16.508018
680000	760000	20.205307
690000	760000	20.749794
700000	760000	14.47481
710000	760000	13.879073
720000	760000	19.942972
730000	760000	31.58387
740000	760000	34.76161
750000	760000	77.8396
760000	760000	66.057076
190000	770000	2.0301178
200000	770000	2.3555171
210000	770000	2.1511676
230000	770000	0.8442508
240000	770000	1.682789
250000	770000	1.5897917
260000	770000	1.9571218
270000	770000	1.6736062
280000	770000	1.0279828
290000	770000	0.73884904
300000	770000	1.5097106
310000	770000	2.128729
330000	770000	0.87699664
350000	770000	1.061342
360000	770000	0.9211707
370000	770000	0.9709044
380000	770000	1.7186166
390000	770000	2.9550138
400000	770000	1.0359848
420000	770000	1.6385559
430000	770000	3.0590062
440000	770000	3.1724827
450000	770000	4.085792
460000	770000	3.941895
470000	770000	4.165014
480000	770000	2.9350228
490000	770000	2.2985933
500000	770000	4.915842
510000	770000	4.1935153
520000	770000	9.415416
530000	770000	12.598874
540000	770000	8.000766
550000	770000	5.060179
560000	770000	10.07751
570000	770000	4.1397796
580000	770000	10.746628
590000	770000	4.403419
600000	770000	12.665912
610000	770000	9.247547
620000	770000	13.082532
630000	770000	11.23427
640000	770000	13.082993
650000	770000	11.407888
660000	770000	3.585813
670000	770000	10.435099
680000	770000	10.780727
690000	770000	20.019804
700000	770000	17.387342
710000	770000	10.123018
720000	770000	14.060999
730000	770000	28.53156
740000	770000	20.795542
750000	770000	41.87499
760000	770000	72.004326
770000	770000	78.16567
190000	780000	0.6783106
200000	780000	0.7870342
210000	780000	2.1562686
220000	780000	2.4992878
230000	780000	2.538758
250000	780000	0.7967807
260000	780000	0.9808813
270000	780000	0.8387873
280000	780000	2.0608408
300000	780000	1.5132905
310000	780000	3.2006652
340000	780000	3.8515146
360000	780000	1.8467101
370000	780000	2.9196198
380000	780000	3.4453838
390000	780000	2.9620206
400000	780000	2.0768826
410000	780000	1.2874011
420000	780000	0.82122064
430000	780000	2.0441732
440000	780000	4.770008
450000	780000	2.4572883
460000	780000	4.7414904
470000	780000	1.39163
480000	780000	2.9419823
490000	780000	4.6080875
500000	780000	5.7487483
510000	780000	2.5220754
520000	780000	6.9210105
530000	780000	5.0515
540000	780000	7.217764
550000	780000	7.245969
560000	780000	9.4279785
570000	780000	5.532795
580000	780000	7.457615
590000	780000	9.710493
600000	780000	6.013869
610000	780000	9.269476
620000	780000	12.293957
630000	780000	11.26091
640000	780000	9.835511
650000	780000	9.147951
660000	780000	5.750905
670000	780000	10.459843
680000	780000	11.578169
690000	780000	13.120911
700000	780000	13.639752
710000	780000	12.852895
720000	780000	14.975238
730000	780000	16.043463
740000	780000	20.844854
750000	780000	26.074934
760000	780000	32.650623
770000	780000	84.81296
780000	780000	81.775444
190000	790000	2.178023
200000	790000	3.158912
210000	790000	2.8848653
220000	790000	2.0062737
230000	790000	1.3586386
240000	790000	1.354042
250000	790000	1.2792126
260000	790000	1.5747817
270000	790000	1.3466532
280000	790000	2.4814732
300000	790000	1.8221639
310000	790000	2.5692961
320000	790000	1.538061
340000	790000	1.5458789
350000	790000	1.7079998
360000	790000	0.7412123
370000	790000	1.5624602
380000	790000	1.3828704
390000	790000	0.79257566
400000	790000	1.6671929
410000	790000	1.033446
420000	790000	3.2961257
430000	790000	2.4614036
440000	790000	1.9145337
450000	790000	1.3150393
460000	790000	1.9030876
470000	790000	1.1171145
480000	790000	1.771231
490000	790000	3.082573
500000	790000	3.2962425
510000	790000	2.6994216
520000	790000	4.5456214
530000	790000	4.0550313
540000	790000	7.081524
550000	790000	5.234954
560000	790000	11.352297
570000	790000	8.327598
580000	790000	8.647183
590000	790000	5.669079
600000	790000	4.827562
610000	790000	8.117413
620000	790000	6.5792184
630000	790000	11.450111
640000	790000	12.500956
650000	790000	8.567311
660000	790000	8.078824
670000	790000	13.563601
680000	790000	11.153086
690000	790000	9.913088
700000	790000	9.124291
710000	790000	10.860536
720000	790000	17.678226
730000	790000	10.638926
740000	790000	19.123383
750000	790000	23.994467
760000	790000	26.669725
770000	790000	42.794777
780000	790000	89.04222
790000	790000	71.99932
190000	800000	1.3838747
200000	800000	3.2113807
210000	800000	2.1995866
220000	800000	0.8498323
230000	800000	2.58976
250000	800000	0.8127875
260000	800000	1.0005865
270000	800000	0.85563797
280000	800000	2.1022415
290000	800000	0.7554792
300000	800000	2.3155372
320000	800000	0.9772549
330000	800000	1.7934724
340000	800000	0.9822222
360000	800000	0.9419046
370000	800000	0.9927577
380000	800000	2.6359494
400000	800000	1.0593028
410000	800000	3.9397922
420000	800000	1.6754367
430000	800000	6.2557178
440000	800000	1.6219447
450000	800000	6.684409
460000	800000	3.224496
470000	800000	8.517522
480000	800000	1.5005424
490000	800000	4.7006607
500000	800000	6.701985
510000	800000	4.287904
520000	800000	7.060049
530000	800000	6.870641
540000	800000	2.4542546
550000	800000	4.4349213
560000	800000	5.4956455
570000	800000	8.465918
580000	800000	5.9168925
590000	800000	5.4030385
600000	800000	8.179578
610000	800000	3.438434
620000	800000	8.360622
630000	800000	6.126471
640000	800000	5.8526416
650000	800000	1.5552878
660000	800000	5.866437
670000	800000	6.566138
680000	800000	7.873844
690000	800000	11.022531
700000	800000	11.594805
710000	800000	6.900579
720000	800000	10.783115
730000	800000	6.4039946
740000	800000	16.707125
750000	800000	18.813759
760000	800000	14.608137
770000	800000	33.78275
780000	800000	34.688778
790000	800000	76.90801
800000	800000	93.519226
190000	810000	0.7309228
200000	810000	1.696159
210000	810000	4.6470337
220000	810000	0.89771396
230000	810000	2.7356737
240000	810000	0.9088061
250000	810000	2.575746
270000	810000	2.7115405
290000	810000	2.3941345
300000	810000	0.8153335
320000	810000	2.064632
330000	810000	0.9472606
340000	810000	2.0751262
350000	810000	3.4391265
410000	810000	2.7745135
430000	810000	4.4054537
440000	810000	2.5699937
460000	810000	2.554629
470000	810000	1.49957
480000	810000	2.37763
490000	810000	1.6551694
500000	810000	5.309694
510000	810000	0.905899
520000	810000	4.0679073
530000	810000	8.164969
540000	810000	6.9134226
550000	810000	2.342398
560000	810000	6.530945
570000	810000	4.471454
580000	810000	2.678685
590000	810000	6.6587024
600000	810000	4.320218
610000	810000	2.724123
620000	810000	6.1821766
630000	810000	5.6626954
640000	810000	5.2991953
650000	810000	3.2858334
660000	810000	6.196967
670000	810000	5.202068
680000	810000	12.476214
690000	810000	5.8217835
700000	810000	3.266156
710000	810000	5.8315
720000	810000	8.542997
730000	810000	7.516458
740000	810000	5.6154146
750000	810000	7.5383277
760000	810000	16.665693
770000	810000	15.667092
780000	810000	23.556364
790000	810000	40.620605
800000	810000	97.00836
810000	810000	119.396385
190000	820000	1.3652663
200000	820000	1.5840994
210000	820000	2.8933465
230000	820000	1.7032912
240000	820000	1.6975285
250000	820000	0.8018583
270000	820000	3.3765306
280000	820000	2.073974
290000	820000	1.4906412
320000	820000	0.96411425
340000	820000	0.96901476
360000	820000	1.8584785
370000	820000	1.9588171
380000	820000	1.73367
390000	820000	0.9936322
400000	820000	3.135177
410000	820000	1.2956053
420000	820000	0.826454
430000	820000	1.0286
440000	820000	2.4002028
450000	820000	0.8243159
460000	820000	1.5905688
470000	820000	1.4004984
480000	820000	0.74018264
490000	820000	3.8645444
500000	820000	4.1324167
510000	820000	1.6920985
520000	820000	4.4323463
530000	820000	2.5418456
540000	820000	4.842507
550000	820000	3.6460726
560000	820000	3.3885927
570000	820000	6.26406
580000	820000	3.3356175
590000	820000	5.330386
600000	820000	6.052193
610000	820000	7.6324472
620000	820000	4.1241007
630000	820000	6.0440917
640000	820000	3.2993965
650000	820000	6.137499
660000	820000	1.4468884
670000	820000	8.097307
680000	820000	7.7679687
690000	820000	4.660421
700000	820000	5.338151
710000	820000	6.1270113
720000	820000	7.0920796
730000	820000	4.211922
740000	820000	6.7428293
750000	820000	11.520483
760000	820000	9.223494
770000	820000	16.2578
780000	820000	18.740803
790000	820000	32.05017
800000	820000	43.221706
810000	820000	71.11944
820000	820000	113.16139
190000	830000	0.66010666
210000	830000	1.3989339
220000	830000	0.8107381
230000	830000	0.82354176
260000	830000	0.95455736
270000	830000	0.8162767
300000	830000	1.4726782
320000	830000	0.932299
330000	830000	2.566453
340000	830000	1.8740757
350000	830000	1.0353078
360000	830000	0.8985749
390000	830000	2.8825288
400000	830000	1.0105726
420000	830000	1.5983629
440000	830000	0.77366585
450000	830000	0.79711396
460000	830000	1.5380809
470000	830000	4.0628486
480000	830000	2.8630283
490000	830000	2.9896133
500000	830000	3.9960492
510000	830000	0.81813014
520000	830000	1.8368921
530000	830000	3.2772882
540000	830000	3.9022558
550000	830000	3.5257542
560000	830000	4.5874796
570000	830000	6.7303886
580000	830000	2.4191582
590000	830000	6.8726487
600000	830000	3.9016495
610000	830000	4.9203873
620000	830000	6.380812
630000	830000	1.46116
640000	830000	3.1905184
650000	830000	3.709353
660000	830000	1.3991419
670000	830000	2.3490303
680000	830000	8.262793
690000	830000	4.50663
700000	830000	2.2122836
710000	830000	5.9248233
720000	830000	5.143534
730000	830000	4.0729313
740000	830000	4.34688
750000	830000	8.664689
760000	830000	10.034014
770000	830000	13.363106
780000	830000	9.455148
790000	830000	18.97502
800000	830000	33.757835
810000	830000	55.18784
820000	830000	107.04828
830000	830000	89.713646
190000	840000	0.7648801
200000	840000	1.7749594
210000	840000	1.6209754
220000	840000	0.9394201
230000	840000	0.95425594
240000	840000	0.9510275
260000	840000	2.2121332
270000	840000	0.9458378
280000	840000	1.161928
300000	840000	0.8532123
310000	840000	1.2030504
320000	840000	1.0802754
350000	840000	1.199634
360000	840000	1.0411985
380000	840000	0.97127545
390000	840000	1.1133498
410000	840000	2.903412
420000	840000	0.92602915
430000	840000	1.1525307
440000	840000	3.5858545
450000	840000	2.7709002
460000	840000	1.7822082
470000	840000	1.5692372
490000	840000	1.7320653
500000	840000	0.92606205
510000	840000	4.739927
520000	840000	2.8379297
530000	840000	2.8480995
540000	840000	3.6173036
550000	840000	1.6341476
560000	840000	1.5187467
570000	840000	3.1194599
580000	840000	3.737509
590000	840000	1.9908724
600000	840000	2.2604635
610000	840000	1.9004537
620000	840000	2.7725954
630000	840000	2.5396173
640000	840000	8.318079
650000	840000	3.438487
660000	840000	4.86365
670000	840000	6.3510375
680000	840000	2.6111672
690000	840000	3.4812872
700000	840000	3.4178956
710000	840000	3.0512104
720000	840000	4.9666047
730000	840000	4.719395
740000	840000	5.876296
750000	840000	10.039966
760000	840000	7.1051645
770000	840000	9.108309
780000	840000	13.69486
790000	840000	21.253881
800000	840000	29.802624
810000	840000	24.59514
820000	840000	42.265205
830000	840000	87.07189
840000	840000	66.918236
190000	850000	0.83884054
200000	850000	0.9732949
210000	850000	0.88885814
260000	850000	1.2130182
280000	850000	2.5485625
320000	850000	1.184733
370000	850000	1.2035272
380000	850000	2.1303868
400000	850000	2.5684009
420000	850000	1.015572
430000	850000	2.5279503
440000	850000	1.9662951
450000	850000	1.0129446
460000	850000	0.97726977
480000	850000	0.9095591
490000	850000	1.8995482
500000	850000	1.015608
510000	850000	1.0396512
520000	850000	0.7780861
530000	850000	2.0823317
540000	850000	1.9835402
550000	850000	1.7921622
560000	850000	0.8328013
570000	850000	3.4210973
600000	850000	2.47904
610000	850000	4.1684375
620000	850000	2.0271285
630000	850000	0.92839557
640000	850000	1.0135999
650000	850000	3.770973
660000	850000	1.7779808
670000	850000	2.9850657
680000	850000	3.8182068
690000	850000	3.8179119
700000	850000	5.622586
710000	850000	2.5096862
720000	850000	4.3574824
730000	850000	6.9009852
740000	850000	3.6825755
750000	850000	3.1459382
760000	850000	7.7922015
770000	850000	12.985753
780000	850000	11.014
790000	850000	11.252637
800000	850000	11.235263
810000	850000	23.736572
820000	850000	25.191336
830000	850000	29.232044
840000	850000	67.74362
850000	850000	80.4853
190000	860000	0.70028305
200000	860000	0.8125286
230000	860000	1.7473307
240000	860000	0.87070954
250000	860000	1.6451817
260000	860000	1.0126549
280000	860000	1.0637988
310000	860000	1.1014482
330000	860000	1.8151041
350000	860000	1.0983202
360000	860000	0.95326525
420000	860000	0.84782237
430000	860000	2.11039
440000	860000	2.4622614
450000	860000	0.84562904
460000	860000	2.4475408
480000	860000	2.2779615
490000	860000	3.1715715
500000	860000	2.5435574
510000	860000	0.86792433
520000	860000	2.5982556
530000	860000	1.7383776
540000	860000	2.4838562
550000	860000	2.2442062
560000	860000	3.4762068
570000	860000	2.1420069
580000	860000	2.5663962
600000	860000	2.7594113
610000	860000	4.3498826
620000	860000	3.3845851
630000	860000	1.5500911
640000	860000	6.7694087
650000	860000	2.3610702
660000	860000	3.7107463
670000	860000	3.3226671
680000	860000	2.390644
690000	860000	3.187279
700000	860000	4.6938615
710000	860000	1.3967619
720000	860000	7.2754493
730000	860000	2.8805492
740000	860000	2.305723
750000	860000	4.5960255
760000	860000	7.096479
770000	860000	1.6678153
780000	860000	7.5229654
790000	860000	10.064952
800000	860000	14.495516
810000	860000	13.510791
820000	860000	15.983026
830000	860000	28.470833
840000	860000	31.10465
850000	860000	84.76396
860000	860000	77.666565
210000	870000	1.2592185
250000	870000	0.6979564
270000	870000	0.73475295
280000	870000	0.9026178
300000	870000	1.3255978
320000	870000	1.6783755
370000	870000	0.85250026
380000	870000	0.7545136
440000	870000	1.3927954
450000	870000	1.4350079
460000	870000	1.3844686
470000	870000	2.4380536
480000	870000	1.2885449
490000	870000	2.0182743
500000	870000	2.8775623
520000	870000	1.6534367
550000	870000	3.808353
560000	870000	1.1798044
580000	870000	0.72585005
590000	870000	1.5465646
600000	870000	2.3413208
610000	870000	2.2144873
620000	870000	5.743543
630000	870000	1.3152299
640000	870000	2.1539044
650000	870000	2.0033338
660000	870000	2.5188117
670000	870000	2.1144261
680000	870000	2.028427
690000	870000	3.3804502
700000	870000	1.9913367
710000	870000	1.7776983
720000	870000	0.77163917
730000	870000	1.8330781
740000	870000	2.6084967
750000	870000	2.7854722
760000	870000	6.02126
770000	870000	9.198261
780000	870000	4.9646544
790000	870000	7.4013042
800000	870000	10.852266
810000	870000	12.992206
820000	870000	16.41639
830000	870000	25.537495
840000	870000	27.99135
850000	870000	39.468838
860000	870000	105.43833
870000	870000	78.901306
200000	880000	0.62438226
210000	880000	0.57021487
240000	880000	0.669091
270000	880000	1.3308797
280000	880000	0.8174691
290000	880000	0.58754516
300000	880000	0.60027355
310000	880000	1.6928011
320000	880000	2.2800682
360000	880000	0.7325304
380000	880000	0.6833364
420000	880000	1.303007
440000	880000	1.8921084
470000	880000	5.520148
490000	880000	3.0464664
500000	880000	2.6061065
510000	880000	0.6669507
520000	880000	1.4974593
550000	880000	0.5748485
560000	880000	3.7397754
570000	880000	2.743352
580000	880000	1.9721303
590000	880000	1.400669
600000	880000	2.1204515
610000	880000	5.348222
620000	880000	3.2510777
630000	880000	5.9557867
640000	880000	1.9507152
650000	880000	3.6286974
660000	880000	3.9920979
670000	880000	1.2766408
680000	880000	3.061791
690000	880000	3.0615544
700000	880000	1.2023222
710000	880000	3.2199974
720000	880000	6.2896175
730000	880000	1.6601542
740000	880000	5.3154526
750000	880000	4.5408673
760000	880000	1.8177475
770000	880000	5.7672977
780000	880000	7.7079644
790000	880000	7.734346
800000	880000	9.828515
810000	880000	8.997974
820000	880000	13.574898
830000	880000	10.001473
840000	880000	23.177855
850000	880000	27.007738
860000	880000	30.504318
870000	880000	74.83411
880000	880000	85.61003
210000	890000	0.91444
230000	890000	1.0766478
240000	890000	1.0730052
250000	890000	1.0137069
260000	890000	2.495859
290000	890000	0.94223213
300000	890000	0.9626444
310000	890000	1.3573524
330000	890000	1.1184076
380000	890000	1.0958502
390000	890000	1.2561468
410000	890000	1.6379002
430000	890000	2.600706
450000	890000	2.0841954
470000	890000	1.7705059
480000	890000	2.80721
490000	890000	0.9771091
500000	890000	2.0896754
520000	890000	1.6009598
530000	890000	1.0711312
540000	890000	1.0203137
550000	890000	0.92187077
560000	890000	3.427079
570000	890000	3.5195582
580000	890000	3.1626582
590000	890000	2.2462194
600000	890000	2.550388
610000	890000	2.144204
620000	890000	2.0854702
630000	890000	0.95511526
640000	890000	3.1283154
650000	890000	1.9397519
660000	890000	0.914576
670000	890000	2.0473185
680000	890000	1.9640485
690000	890000	2.9458451
700000	890000	0.96406776
710000	890000	6.0244718
720000	890000	2.2414465
740000	890000	2.8414214
750000	890000	3.23648
760000	890000	2.1863086
770000	890000	8.221225
780000	890000	7.210629
790000	890000	4.134462
800000	890000	4.2031345
810000	890000	7.7699122
820000	890000	10.366543
830000	890000	19.04646
840000	890000	17.42333
850000	890000	21.655832
860000	890000	35.094097
870000	890000	46.92107
880000	890000	76.000244
890000	890000	81.25318
190000	900000	1.2358874
200000	900000	0.71699136
220000	900000	0.7589538
230000	900000	0.77093965
240000	900000	0.7683314
250000	900000	1.451741
260000	900000	1.7871737
270000	900000	0.7641387
290000	900000	0.67469054
300000	900000	0.6893069
330000	900000	1.601684
340000	900000	2.6315591
360000	900000	0.8411802
370000	900000	0.8865952
380000	900000	0.78468966
410000	900000	3.518483
420000	900000	0.7481353
430000	900000	0.93112504
440000	900000	2.1727483
450000	900000	0.74619985
460000	900000	0.71991956
470000	900000	1.2677807
480000	900000	2.0101185
490000	900000	2.0989933
500000	900000	1.4963238
510000	900000	1.5317473
520000	900000	0.57318807
530000	900000	2.3009684
540000	900000	2.1918042
550000	900000	1.9803323
560000	900000	1.2269896
570000	900000	2.5201993
580000	900000	3.0195189
590000	900000	1.608418
600000	900000	2.4349597
610000	900000	3.8384228
620000	900000	0.7466563
630000	900000	1.3678312
640000	900000	2.2400477
650000	900000	3.4724255
660000	900000	2.619549
670000	900000	2.1989906
680000	900000	0.70318395
690000	900000	2.8125184
700000	900000	2.0709784
710000	900000	3.6975913
720000	900000	2.4075005
730000	900000	3.1773174
740000	900000	4.7474365
750000	900000	2.3174996
760000	900000	3.6528766
770000	900000	6.62271
780000	900000	4.4256096
790000	900000	8.289413
800000	900000	6.019356
810000	900000	6.358502
820000	900000	11.876833
830000	900000	11.484904
840000	900000	23.28867
850000	900000	22.804089
860000	900000	30.459787
870000	900000	31.659744
880000	900000	53.25007
890000	900000	75.07329
900000	900000	66.52385
180000	910000	10.541543
190000	910000	0.681199
200000	910000	0.79038566
210000	910000	0.7218169
220000	910000	2.5099306
230000	910000	0.84985626
240000	910000	0.84698105
250000	910000	0.80017364
260000	910000	1.9701164
270000	910000	0.8423591
290000	910000	1.4875095
300000	910000	0.75986725
310000	910000	1.0714315
330000	910000	0.88281953
340000	910000	0.96697885
350000	910000	3.2051666
390000	910000	0.9915446
400000	910000	1.0428632
410000	910000	1.2928833
430000	910000	1.026439
440000	910000	0.7983867
450000	910000	0.822584
460000	910000	2.3808405
480000	910000	0.73862755
490000	910000	0.771285
500000	910000	2.4742405
510000	910000	1.6885434
520000	910000	1.8955861
530000	910000	0.8455017
540000	910000	1.6107776
550000	910000	0.7276824
560000	910000	2.028884
570000	910000	2.0836332
580000	910000	1.6643047
590000	910000	3.546125
600000	910000	2.6842122
610000	910000	3.385072
620000	910000	3.2923486
630000	910000	2.2617724
640000	910000	0.8231161
650000	910000	1.5311509
660000	910000	1.4438486
670000	910000	0.80802953
680000	910000	1.5503296
690000	910000	4.6506295
700000	910000	3.0439632
710000	910000	2.0380461
720000	910000	2.6539423
730000	910000	0.7005122
740000	910000	2.9905167
750000	910000	6.3868217
760000	910000	4.6020575
770000	910000	10.545367
780000	910000	4.065528
790000	910000	4.568976
800000	910000	5.8060822
810000	910000	8.761731
820000	910000	13.910883
830000	910000	16.616968
840000	910000	20.171326
850000	910000	11.060901
860000	910000	15.949446
870000	910000	25.641233
880000	910000	20.6421
890000	910000	36.20667
900000	910000	57.777916
910000	910000	81.6568
210000	920000	0.67232245
250000	920000	0.7453063
290000	920000	0.692756
300000	920000	1.4155275
350000	920000	1.9902605
360000	920000	0.86370355
380000	920000	1.6114008
390000	920000	0.92355514
400000	920000	0.9713549
410000	920000	2.4084623
420000	920000	0.7681673
430000	920000	0.9560568
440000	920000	0.7436419
450000	920000	0.76618004
480000	920000	0.6879804
490000	920000	0.7183986
500000	920000	2.3045838
510000	920000	1.5727613
520000	920000	1.1770715
530000	920000	2.3625789
540000	920000	0.75016385
550000	920000	0.6777858
560000	920000	1.889765
570000	920000	2.5876799
580000	920000	0.7750923
610000	920000	0.78824
620000	920000	0.7666487
630000	920000	1.4044561
640000	920000	0.7666757
650000	920000	1.426161
660000	920000	3.3621123
670000	920000	2.2578707
680000	920000	2.8880494
690000	920000	2.1658697
700000	920000	1.4176204
710000	920000	3.1638315
730000	920000	1.9574357
740000	920000	2.7854593
750000	920000	0.5948882
760000	920000	2.6790612
770000	920000	2.2666798
780000	920000	2.2720547
790000	920000	4.86364
800000	920000	6.1805296
810000	920000	6.5287566
820000	920000	6.097423
830000	920000	13.266476
840000	920000	23.912245
850000	920000	20.604925
860000	920000	19.54711
870000	920000	13.931769
880000	920000	21.029186
890000	920000	31.796919
900000	920000	30.357815
910000	920000	71.494194
920000	920000	67.300316
190000	930000	1.4838917
220000	930000	1.8225048
250000	930000	1.7430606
270000	930000	0.9174777
330000	930000	0.96154624
360000	930000	2.0199583
390000	930000	3.239901
400000	930000	2.2717242
420000	930000	1.796526
440000	930000	0.86958396
450000	930000	1.7918782
460000	930000	0.8643851
480000	930000	0.8044957
490000	930000	2.5201964
500000	930000	1.7965897
510000	930000	0.91956085
520000	930000	2.0646276
530000	930000	1.8418012
550000	930000	1.5851492
560000	930000	1.4732084
570000	930000	1.5129628
580000	930000	1.8127215
590000	930000	1.9311779
610000	930000	0.92173517
620000	930000	0.8964872
630000	930000	2.4634693
650000	930000	0.83384675
660000	930000	2.3589087
670000	930000	2.6402602
680000	930000	3.377165
690000	930000	3.376904
700000	930000	4.144266
710000	930000	3.6996531
730000	930000	1.5259627
740000	930000	2.4429002
750000	930000	1.3912752
760000	930000	3.7593396
770000	930000	4.417602
780000	930000	3.5424619
790000	930000	4.265504
800000	930000	5.420441
810000	930000	3.8172283
820000	930000	2.6737776
830000	930000	11.204026
840000	930000	7.989139
850000	930000	10.952065
860000	930000	9.143032
870000	930000	15.51546
880000	930000	16.159575
890000	930000	16.900908
900000	930000	20.976782
910000	930000	28.460373
920000	930000	58.816547
930000	930000	58.12194
190000	940000	0.5698206
200000	940000	0.6611548
220000	940000	1.3996987
230000	940000	0.7109018
270000	940000	2.1138914
280000	940000	0.86561346
310000	940000	1.7924975
330000	940000	0.73847544
340000	940000	0.8088745
350000	940000	0.8937036
360000	940000	2.3270168
370000	940000	0.81755054
380000	940000	0.723581
390000	940000	0.8294236
400000	940000	0.8723515
410000	940000	1.0814923
460000	940000	0.66385496
470000	940000	2.3381014
480000	940000	1.2357187
490000	940000	1.2903545
500000	940000	1.3797958
520000	940000	1.5856512
530000	940000	0.70725924
540000	940000	0.6737049
550000	940000	0.60870385
560000	940000	1.6971544
570000	940000	0.58098394
580000	940000	2.0882778
590000	940000	2.966321
600000	940000	3.3680012
610000	940000	2.1237006
630000	940000	2.5226195
640000	940000	0.6885338
650000	940000	0.64040124
660000	940000	0.60388714
670000	940000	1.3518277
680000	940000	3.2421134
690000	940000	3.8902354
700000	940000	0.63656616
710000	940000	2.2730913
720000	940000	0.7400045
730000	940000	4.101832
740000	940000	0.6253892
750000	940000	2.1370215
760000	940000	1.443602
770000	940000	3.392755
780000	940000	2.72064
790000	940000	4.367923
800000	940000	4.162944
810000	940000	2.931663
820000	940000	4.791461
830000	940000	6.619065
840000	940000	3.0678625
850000	940000	10.093533
860000	940000	7.021924
870000	940000	8.341201
880000	940000	15.108664
890000	940000	10.384029
900000	940000	13.012199
910000	940000	18.44252
920000	940000	33.08342
930000	940000	66.9572
940000	940000	76.56415
130000	950000	52.807274
190000	950000	0.62896115
200000	950000	1.4595497
210000	950000	1.3329285
220000	950000	3.0899415
230000	950000	0.78468496
240000	950000	1.5640603
250000	950000	1.4776244
270000	950000	1.5555254
290000	950000	0.6867198
300000	950000	0.70159674
310000	950000	0.9892687
320000	950000	0.8883108
330000	950000	0.8151204
390000	950000	2.7465236
400000	950000	1.9257823
410000	950000	1.1937383
420000	950000	2.2844222
430000	950000	0.9477263
440000	950000	1.4743246
450000	950000	1.519008
460000	950000	0.7327552
490000	950000	0.71213895
510000	950000	1.5590572
530000	950000	2.341993
550000	950000	0.67188
560000	950000	2.4977317
570000	950000	1.9238495
580000	950000	1.5366774
590000	950000	2.4556425
620000	950000	3.0398746
640000	950000	0.7599954
650000	950000	0.7068672
660000	950000	1.3331269
670000	950000	0.7460657
680000	950000	1.4314424
690000	950000	4.2939954
700000	950000	2.1079023
710000	950000	1.8817583
720000	950000	1.6336162
730000	950000	0.6467933
740000	950000	3.4514856
750000	950000	1.7691143
760000	950000	2.6557176
770000	950000	1.4979529
780000	950000	1.501505
790000	950000	3.0132883
800000	950000	3.0633383
810000	950000	6.471869
820000	950000	3.0221472
830000	950000	5.1142316
840000	950000	5.9259725
850000	950000	9.284267
860000	950000	10.075931
870000	950000	8.549281
880000	950000	13.10317
890000	950000	10.50662
900000	950000	17.098465
910000	950000	18.094786
920000	950000	20.365297
930000	950000	32.026173
940000	950000	70.00504
950000	950000	68.91714
220000	960000	1.3408782
240000	960000	0.67872304
270000	960000	0.6750193
280000	960000	0.82923716
290000	960000	0.5960033
310000	960000	2.5757554
320000	960000	0.77096385
340000	960000	1.5497651
350000	960000	3.4245872
360000	960000	2.229227
380000	960000	0.69317347
390000	960000	1.5891364
430000	960000	2.4675915
440000	960000	0.63978225
450000	960000	1.3183453
460000	960000	0.6359573
470000	960000	1.1199229
480000	960000	1.1837893
490000	960000	1.8541934
500000	960000	0.66090584
510000	960000	0.67655194
520000	960000	1.0126776
530000	960000	0.6775376
540000	960000	1.93618
550000	960000	0.58312386
560000	960000	1.6258337
570000	960000	1.6697066
580000	960000	2.0005205
590000	960000	1.4208326
600000	960000	1.6132327
620000	960000	1.9787276
630000	960000	2.4166098
640000	960000	3.2979953
650000	960000	1.2269784
660000	960000	1.7355287
670000	960000	1.295019
680000	960000	1.2423471
690000	960000	0.6211255
700000	960000	3.0490763
710000	960000	0.54439193
720000	960000	1.4178135
730000	960000	2.2454045
740000	960000	2.9955401
750000	960000	4.606236
760000	960000	1.3829365
770000	960000	1.9501073
780000	960000	3.909463
790000	960000	2.6152291
800000	960000	1.9940007
810000	960000	4.9148116
820000	960000	4.590106
830000	960000	5.072726
840000	960000	7.347349
850000	960000	8.8635845
860000	960000	10.7629385
870000	960000	5.1368613
880000	960000	9.821467
890000	960000	11.605597
900000	960000	15.433326
910000	960000	24.211016
920000	960000	20.112951
930000	960000	34.209816
940000	960000	36.125957
950000	960000	68.87569
960000	960000	40.90014
190000	970000	0.6605532
200000	970000	0.7664306
230000	970000	0.8240988
250000	970000	0.775922
270000	970000	0.8168289
290000	970000	2.8848522
300000	970000	0.7368372
330000	970000	0.85606307
340000	970000	0.93767166
350000	970000	3.1080244
360000	970000	0.89918274
380000	970000	0.838797
390000	970000	2.8844786
400000	970000	1.0112562
410000	970000	1.2536986
450000	970000	0.79765314
460000	970000	1.5391214
480000	970000	2.1487236
490000	970000	1.4958178
500000	970000	3.1990018
520000	970000	1.2254231
530000	970000	0.8198763
540000	970000	1.5619582
550000	970000	0.70562786
560000	970000	0.65579754
580000	970000	0.8069315
590000	970000	0.85966223
600000	970000	0.65071476
630000	970000	1.4621484
640000	970000	3.1926765
650000	970000	3.711862
660000	970000	2.1001327
670000	970000	1.5670795
680000	970000	2.2550135
690000	970000	3.006452
700000	970000	2.9517066
710000	970000	1.9762771
720000	970000	1.7156711
730000	970000	1.3585621
740000	970000	1.4499401
750000	970000	3.0966249
760000	970000	0.5578223
770000	970000	3.9329839
780000	970000	3.153848
790000	970000	2.531714
800000	970000	2.412905
810000	970000	4.2480903
820000	970000	5.554406
830000	970000	3.83651
840000	970000	6.223628
850000	970000	9.750606
860000	970000	7.3260236
870000	970000	8.978703
880000	970000	8.131694
890000	970000	14.043727
900000	970000	20.830471
910000	970000	20.587307
920000	970000	17.7006
930000	970000	23.28564
940000	970000	27.818878
950000	970000	26.319553
960000	970000	58.37581
970000	970000	67.56825
180000	980000	3.1646953
220000	980000	0.75351065
230000	980000	0.76541054
280000	980000	1.8639696
300000	980000	0.68436325
320000	980000	0.866491
330000	980000	0.7950984
360000	980000	1.6702946
380000	980000	1.5581238
390000	980000	1.7860401
410000	980000	2.3288324
420000	980000	0.7427698
430000	980000	0.9244471
440000	980000	0.71905524
450000	980000	1.4816964
460000	980000	0.7147563
470000	980000	2.5173764
480000	980000	1.330468
500000	980000	1.4855922
530000	980000	0.7614887
550000	980000	1.310753
560000	980000	0.60909486
570000	980000	0.6255312
590000	980000	2.3953238
620000	980000	0.74130136
630000	980000	3.3950534
640000	980000	0.74132746
660000	980000	1.300381
670000	980000	2.1832197
680000	980000	1.3962816
690000	980000	1.3961737
700000	980000	2.7415006
710000	980000	1.8355362
720000	980000	0.7967447
730000	980000	1.892718
740000	980000	2.6933649
750000	980000	3.451318
760000	980000	1.5542908
770000	980000	3.6528962
780000	980000	2.9292464
790000	980000	1.7635633
800000	980000	1.4940464
810000	980000	5.523787
820000	980000	5.895827
830000	980000	5.7012677
840000	980000	4.9546385
850000	980000	8.150594
860000	980000	6.8043
870000	980000	10.263733
880000	980000	10.457438
890000	980000	9.316858
900000	980000	13.342777
910000	980000	11.76688
920000	980000	17.125051
930000	980000	20.025326
940000	980000	19.070723
950000	980000	19.691969
960000	980000	35.359936
970000	980000	69.88778
980000	980000	58.287167
190000	990000	0.77184093
240000	990000	0.9596823
270000	990000	0.95444536
280000	990000	1.1725022
310000	990000	1.2139987
320000	990000	3.2703192
330000	990000	2.000579
340000	990000	2.1912947
370000	990000	2.2147987
380000	990000	1.960229
400000	990000	1.1816291
420000	990000	0.93445647
430000	990000	1.1630193
450000	990000	0.93203896
490000	990000	1.747828
540000	990000	2.737667
550000	990000	1.6490191
560000	990000	0.76628405
590000	990000	1.0044951
600000	990000	0.7603449
620000	990000	0.9326091
630000	990000	1.708486
640000	990000	2.7979257
650000	990000	1.7348895
660000	990000	1.6359704
680000	990000	0.87831
690000	990000	2.6347265
700000	990000	0.86225
710000	990000	2.3092332
720000	990000	2.0047214
730000	990000	0.79372394
740000	990000	4.2355523
750000	990000	1.4473333
760000	990000	1.9554068
770000	990000	1.8382397
780000	990000	2.763898
790000	990000	2.2186863
810000	990000	1.9855174
820000	990000	6.490193
830000	990000	4.4828715
840000	990000	3.1166413
850000	990000	12.532689
860000	990000	8.5602865
870000	990000	8.07031
880000	990000	15.348889
890000	990000	12.893387
900000	990000	9.232382
910000	990000	14.803559
920000	990000	13.78849
930000	990000	14.108227
940000	990000	10.835236
950000	990000	11.959804
960000	990000	17.794111
970000	990000	29.606968
980000	990000	60.830025
990000	990000	54.513405
210000	1000000	2.158958
220000	1000000	0.834135
260000	1000000	0.98210466
280000	1000000	1.0317055
290000	1000000	2.224574
300000	1000000	2.2727668
310000	1000000	2.1364381
320000	1000000	0.959204
330000	1000000	0.88017255
340000	1000000	0.96407956
350000	1000000	2.130371
360000	1000000	0.92450666
370000	1000000	1.9488409
390000	1000000	0.98857164
400000	1000000	1.0397365
420000	1000000	2.4667346
440000	1000000	0.79599285
490000	1000000	2.3069174
500000	1000000	1.644548
510000	1000000	0.8417403
530000	1000000	0.8429667
540000	1000000	0.802974
550000	1000000	1.4510013
570000	1000000	1.3849238
580000	1000000	1.6593146
600000	1000000	0.66904104
610000	1000000	1.6874613
630000	1000000	2.2549908
640000	1000000	1.6412964
650000	1000000	0.76328003
660000	1000000	1.4395194
670000	1000000	0.8056068
680000	1000000	0.7728406
700000	1000000	0.75870913
710000	1000000	0.67731184
720000	1000000	2.645985
730000	1000000	2.7936473
740000	1000000	1.4907751
750000	1000000	3.8206031
760000	1000000	0.5735324
770000	1000000	0.8087499
780000	1000000	3.2426705
790000	1000000	3.2537692
800000	1000000	0.8269534
810000	1000000	3.4941843
820000	1000000	4.079169
830000	1000000	3.1556468
840000	1000000	10.969552
850000	1000000	7.01765
860000	1000000	7.532348
870000	1000000	9.941693
880000	1000000	9.646972
890000	1000000	9.2823715
900000	1000000	6.6466937
910000	1000000	9.769437
920000	1000000	15.924218
930000	1000000	16.84768
940000	1000000	15.663191
950000	1000000	6.7651997
960000	1000000	12.395407
970000	1000000	19.736134
980000	1000000	38.127697
990000	1000000	71.02853
1000000	1000000	60.064224
200000	1010000	0.99279034
210000	1010000	0.45333114
220000	1010000	1.5763412
240000	1010000	0.53193945
250000	1010000	0.50254244
260000	1010000	0.61865765
270000	1010000	1.0580734
290000	1010000	0.934218
300000	1010000	0.47722834
310000	1010000	0.6729037
330000	1010000	0.55444753
360000	1010000	1.7471247
370000	1010000	0.6138171
380000	1010000	0.54326475
390000	1010000	1.8681941
400000	1010000	1.3099233
410000	1010000	0.8119846
430000	1010000	0.64464647
440000	1010000	0.50142014
460000	1010000	0.9968448
470000	1010000	0.87772346
490000	1010000	0.48439917
510000	1010000	0.53023785
520000	1010000	0.3968357
530000	1010000	0.5310104
540000	1010000	1.5174533
550000	1010000	1.3710448
560000	1010000	0.42474127
580000	1010000	0.5226264
590000	1010000	1.6703358
600000	1010000	1.6857973
610000	1010000	0.5314916
620000	1010000	2.5846655
630000	1010000	2.8409748
640000	1010000	2.5847564
650000	1010000	1.9232534
660000	1010000	0.9067972
670000	1010000	2.029905
690000	1010000	0.97359645
700000	1010000	0.47793397
710000	1010000	1.279978
720000	1010000	1.111191
730000	1010000	1.3198526
740000	1010000	1.8781693
750000	1010000	1.6044762
760000	1010000	3.974141
770000	1010000	1.5283686
780000	1010000	2.5533211
790000	1010000	0.8198593
800000	1010000	4.167385
810000	1010000	4.9524593
820000	1010000	3.5974298
830000	1010000	6.957433
840000	1010000	10.365083
850000	1010000	10.104301
860000	1010000	8.435299
870000	1010000	12.077824
880000	1010000	8.50769
890000	1010000	9.745414
900000	1010000	6.513041
910000	1010000	9.7439375
920000	1010000	10.986498
930000	1010000	12.288583
940000	1010000	15.014575
950000	1010000	14.205351
960000	1010000	17.67129
970000	1010000	18.39994
980000	1010000	25.403439
990000	1010000	33.70254
1000000	1010000	68.51435
1010000	1010000	38.972183
