180000	180000	7.3265996
180000	190000	2.6971686
190000	190000	2.7403846
180000	200000	1.5116782
190000	200000	2.0930676
200000	200000	1.9064223
130000	210000	8.24801
180000	210000	2.0365496
190000	210000	1.6057935
200000	210000	1.5910815
210000	210000	2.87082
180000	220000	2.0289023
190000	220000	1.4236885
200000	220000	2.83944
210000	220000	1.7352371
220000	220000	2.195438
180000	230000	1.2421823
190000	230000	3.3960667
200000	230000	3.595657
210000	230000	2.745359
220000	230000	2.2833996
230000	230000	2.0000198
130000	240000	12.2114725
180000	240000	1.9070886
190000	240000	2.4799619
200000	240000	3.6190712
210000	240000	1.9635669
220000	240000	1.9713641
230000	240000	1.378857
240000	240000	1.6824521
180000	250000	3.049145
190000	250000	3.8420694
200000	250000	3.5953634
210000	250000	2.4580998
220000	250000	1.9112486
230000	250000	1.809578
240000	250000	1.6800869
250000	250000	1.5016332
180000	260000	4.8408437
190000	260000	2.425635
200000	260000	2.7439609
210000	260000	2.8590553
220000	260000	2.5594852
230000	260000	2.0912592
240000	260000	2.220154
250000	260000	1.7541404
260000	260000	1.6725183
180000	270000	3.2292233
190000	270000	2.6368008
200000	270000	2.7677305
210000	270000	1.2662574
220000	270000	1.5634837
230000	270000	1.7292135
240000	270000	1.7186096
250000	270000	1.8343784
260000	270000	1.5427454
270000	270000	1.6039907
180000	280000	0.8558219
190000	280000	1.8457078
200000	280000	2.1243224
210000	280000	2.1600635
220000	280000	2.6351676
230000	280000	1.0974469
240000	280000	1.9154625
250000	280000	2.068448
260000	280000	1.4795439
270000	280000	1.8907715
280000	280000	2.0877864
190000	290000	2.623415
200000	290000	2.05228
210000	290000	2.037927
220000	290000	2.1368961
230000	290000	1.2150966
240000	290000	1.6595589
250000	290000	1.9167194
260000	290000	2.3530796
270000	290000	2.121827
280000	290000	2.1247451
290000	290000	1.8131542
180000	300000	0.716805
190000	300000	2.218253
200000	300000	1.4135702
210000	300000	1.1967752
220000	300000	2.6673234
230000	300000	2.4511063
240000	300000	2.2682366
250000	300000	2.3605633
260000	300000	1.0331595
270000	300000	2.1129012
280000	300000	1.9497383
290000	300000	1.7194215
300000	300000	2.0230863
180000	310000	3.2198024
190000	310000	2.9390707
200000	310000	2.348262
210000	310000	2.7303815
220000	310000	1.9559273
230000	310000	1.637309
240000	310000	0.98412216
250000	310000	1.9227862
260000	310000	1.9024153
270000	310000	3.010553
280000	310000	1.9783211
290000	310000	1.3494198
300000	310000	1.2155398
310000	310000	2.303056
180000	320000	2.029145
190000	320000	2.6156385
200000	320000	3.4704309
210000	320000	2.6259341
220000	320000	1.7050561
230000	320000	1.248839
240000	320000	2.2792659
250000	320000	1.6697068
260000	320000	2.4291327
270000	320000	2.3597572
280000	320000	1.7177216
290000	320000	1.7874972
300000	320000	2.078
310000	320000	1.626143
320000	320000	1.726201
130000	330000	19.766884
190000	330000	1.4438462
200000	330000	1.7902516
210000	330000	1.026433
220000	330000	2.6066988
230000	330000	3.531734
240000	330000	1.9578286
250000	330000	2.3992932
260000	330000	1.4146075
270000	330000	2.1443515
280000	330000	1.520018
290000	330000	2.4923105
300000	330000	1.9749955
310000	330000	2.3453903
320000	330000	1.9619684
330000	330000	1.8278444
180000	340000	3.380444
190000	340000	5.2031503
200000	340000	3.4405854
210000	340000	2.3877337
220000	340000	2.1718898
230000	340000	2.6931233
240000	340000	3.662561
250000	340000	2.363617
260000	340000	1.7127721
270000	340000	2.502781
280000	340000	2.2441876
290000	340000	2.0941205
300000	340000	2.1129112
310000	340000	2.5881052
320000	340000	2.363068
330000	340000	1.7314603
340000	340000	2.1929529
180000	350000	2.6021705
190000	350000	6.9992886
200000	350000	3.7353542
210000	350000	1.8515329
220000	350000	3.0578182
230000	350000	3.4125829
240000	350000	4.106066
250000	350000	4.627879
260000	350000	3.9038038
270000	350000	3.4163194
280000	350000	2.5977192
290000	350000	1.6548429
300000	350000	3.4895098
310000	350000	3.2917004
320000	350000	2.3842967
330000	350000	1.7683078
340000	350000	1.542458
350000	350000	1.4836581
180000	360000	2.3626819
190000	360000	4.597279
200000	360000	4.131946
210000	360000	1.9033518
220000	360000	2.3283038
230000	360000	2.0219142
240000	360000	3.5844052
250000	360000	3.553877
260000	360000	3.654816
270000	360000	2.3860927
280000	360000	4.025979
290000	360000	1.8697984
300000	360000	2.0317893
310000	360000	3.030658
320000	360000	2.0523233
330000	360000	1.4606917
340000	360000	1.3557076
350000	360000	1.5907778
360000	360000	1.2391268
130000	370000	25.293598
180000	370000	1.2945614
190000	370000	3.13795
200000	370000	1.8740493
210000	370000	2.5734916
220000	370000	1.5501636
230000	370000	1.4956579
240000	370000	2.595837
250000	370000	2.9392946
260000	370000	1.6988727
270000	370000	1.1626248
280000	370000	2.4274533
290000	370000	2.904614
300000	370000	3.489966
310000	370000	1.8452784
320000	370000	2.2164104
330000	370000	1.6871661
340000	370000	2.6137958
350000	370000	1.1367036
360000	370000	1.6084085
370000	370000	1.5384845
180000	380000	2.3798976
190000	380000	2.2211928
200000	380000	3.2224307
210000	380000	3.0295043
220000	380000	2.6400292
230000	380000	3.019585
240000	380000	2.4186578
250000	380000	2.1705036
260000	380000	2.7450264
270000	380000	3.857359
280000	380000	2.1068008
290000	380000	2.526813
300000	380000	2.101159
310000	380000	3.5177615
320000	380000	2.7997015
330000	380000	1.9059132
340000	380000	1.1545368
350000	380000	1.2367619
360000	380000	2.134444
370000	380000	1.5718409
380000	380000	1.7337128
180000	390000	1.4182671
190000	390000	1.8510008
200000	390000	2.658784
210000	390000	2.075905
220000	390000	2.8750548
230000	390000	2.7945397
240000	390000	3.4495676
250000	390000	2.8573458
260000	390000	1.9490939
270000	390000	2.2422802
280000	390000	3.87984
290000	390000	3.124317
300000	390000	4.109962
310000	390000	2.3347888
320000	390000	1.5517777
330000	390000	1.2620628
340000	390000	1.9941424
350000	390000	1.5840595
360000	390000	1.8046441
370000	390000	1.9926753
380000	390000	1.4496984
390000	390000	1.4723723
180000	400000	3.0922215
190000	400000	2.8917732
200000	400000	4.195001
210000	400000	3.405061
220000	400000	2.2143388
230000	400000	4.6074176
240000	400000	2.929231
250000	400000	2.6366167
260000	400000	2.158104
270000	400000	1.7530055
280000	400000	3.476553
290000	400000	2.5418558
300000	400000	2.2381384
310000	400000	2.9256399
320000	400000	2.6059377
330000	400000	0.6656086
340000	400000	1.6154691
350000	400000	1.6993587
360000	400000	1.8909366
370000	400000	1.5458568
380000	400000	0.92745787
390000	400000	1.5729848
400000	400000	1.4443415
180000	410000	1.9937555
190000	410000	1.8579481
200000	410000	2.4958153
210000	410000	1.4613985
220000	410000	4.892944
230000	410000	2.7885666
240000	410000	0.75902563
250000	410000	3.4308057
260000	410000	3.621588
270000	410000	3.9221382
280000	410000	2.2883952
290000	410000	2.5814838
300000	410000	2.476552
310000	410000	2.6082807
320000	410000	1.6284463
330000	410000	2.2803917
340000	410000	0.67788684
350000	410000	2.8766453
360000	410000	1.8285286
370000	410000	1.3080937
380000	410000	1.696187
390000	410000	1.7056469
400000	410000	1.32937
410000	410000	0.8501751
180000	420000	1.3113071
190000	420000	2.7120745
200000	420000	3.3003182
210000	420000	1.4539398
220000	420000	2.4311433
230000	420000	1.5852263
240000	420000	2.0260358
250000	420000	3.2019238
260000	420000	3.5023785
270000	420000	2.195017
280000	420000	2.5612395
290000	420000	2.622931
300000	420000	1.8506148
310000	420000	1.7820098
320000	420000	2.0542517
330000	420000	2.7006853
340000	420000	1.5933107
350000	420000	2.0703206
360000	420000	1.4701273
370000	420000	1.6764193
380000	420000	1.3949664
390000	420000	2.0427632
400000	420000	1.8205205
410000	420000	1.9223644
420000	420000	1.5951661
180000	430000	1.6934927
190000	430000	4.429466
200000	430000	3.9164672
210000	430000	2.8134096
220000	430000	2.097431
230000	430000	2.0490482
240000	430000	2.2940035
250000	430000	3.5733602
260000	430000	1.7520983
270000	430000	3.440838
280000	430000	3.0204446
290000	430000	2.5202324
300000	430000	2.890512
310000	430000	2.3619347
320000	430000	1.2447114
330000	430000	1.2796668
340000	430000	1.9491284
350000	430000	0.87639654
360000	430000	2.9245284
370000	430000	1.6070815
380000	430000	1.6004244
390000	430000	1.5218619
400000	430000	1.6234986
410000	430000	1.9261874
420000	430000	1.5977334
430000	430000	1.9946114
130000	440000	25.752857
180000	440000	5.4327908
190000	440000	2.8089707
200000	440000	2.8554103
210000	440000	3.7936847
220000	440000	2.5364513
230000	440000	4.695378
240000	440000	2.912071
250000	440000	1.9265344
260000	440000	2.5662317
270000	440000	1.6315564
280000	440000	2.1918745
290000	440000	2.814295
300000	440000	2.3668973
310000	440000	2.4385874
320000	440000	2.4745145
330000	440000	1.4214305
340000	440000	0.9085334
350000	440000	1.67507
360000	440000	2.5145168
370000	440000	2.2565417
380000	440000	1.8807867
390000	440000	1.8659934
400000	440000	2.8730848
410000	440000	2.486445
420000	440000	1.9114137
430000	440000	1.4082099
440000	440000	1.3868662
190000	450000	2.7128203
200000	450000	2.7474453
210000	450000	2.418054
220000	450000	2.7182717
230000	450000	3.8344176
240000	450000	5.6721377
250000	450000	2.3191526
260000	450000	3.0544386
270000	450000	3.0146506
280000	450000	2.3600628
290000	450000	3.0433636
300000	450000	2.7649124
310000	450000	2.9095273
320000	450000	2.4816964
330000	450000	1.7545877
340000	450000	1.8046383
350000	450000	1.8616272
360000	450000	2.330077
370000	450000	2.088105
380000	450000	1.2860651
390000	450000	1.8292574
400000	450000	2.378884
410000	450000	1.3456087
420000	450000	1.3315293
430000	450000	1.4808336
440000	450000	1.3320398
450000	450000	2.619379
130000	460000	27.096317
190000	460000	1.3540599
200000	460000	4.555186
210000	460000	2.9586668
220000	460000	2.1031184
230000	460000	3.8479335
240000	460000	2.2688355
250000	460000	2.843471
260000	460000	2.7544556
270000	460000	2.2679741
280000	460000	2.0842276
290000	460000	2.2502198
300000	460000	0.9999294
310000	460000	1.3433181
320000	460000	1.1457219
330000	460000	1.7975628
340000	460000	2.2662044
350000	460000	1.4961904
360000	460000	1.3856508
370000	460000	1.5231754
380000	460000	2.194473
390000	460000	1.7067198
400000	460000	1.5910066
410000	460000	1.9917372
420000	460000	1.5056736
430000	460000	1.0174491
440000	460000	0.9196625
450000	460000	1.3424661
460000	460000	1.7440602
190000	470000	1.9692088
200000	470000	2.7667067
210000	470000	2.4419289
220000	470000	0.5490058
230000	470000	2.1497645
240000	470000	2.5974224
250000	470000	2.3591402
260000	470000	1.1207892
270000	470000	1.8435241
280000	470000	4.361223
290000	470000	2.6380024
300000	470000	3.6804454
310000	470000	1.9863063
320000	470000	3.3986752
330000	470000	2.5919359
340000	470000	1.5410147
350000	470000	1.6033891
360000	470000	1.6334423
370000	470000	1.9289081
380000	470000	1.5826735
390000	470000	2.491737
400000	470000	1.0536982
410000	470000	2.3156493
420000	470000	1.118686
430000	470000	1.4850168
440000	470000	1.6922865
450000	470000	1.5295619
460000	470000	1.8434079
470000	470000	1.7108716
180000	480000	4.275828
190000	480000	3.2068706
200000	480000	4.8302894
210000	480000	2.937853
220000	480000	2.0942607
230000	480000	3.8316126
240000	480000	3.6800923
250000	480000	2.075054
260000	480000	1.8419122
270000	480000	1.7728976
280000	480000	2.9923177
290000	480000	2.07083
300000	480000	2.848849
310000	480000	1.371366
320000	480000	2.5923035
330000	480000	2.4723735
340000	480000	2.5722241
350000	480000	1.7997221
360000	480000	1.4709909
370000	480000	2.3657548
380000	480000	1.0526576
390000	480000	2.3970487
400000	480000	1.3850759
410000	480000	1.5534129
420000	480000	2.3420508
430000	480000	1.366588
440000	480000	1.356611
450000	480000	2.6018934
460000	480000	2.0916135
470000	480000	1.3085742
480000	480000	1.8807372
180000	490000	1.5285022
190000	490000	3.7507904
200000	490000	1.2951337
210000	490000	3.1668189
220000	490000	3.8790147
230000	490000	2.8560753
240000	490000	2.4538376
250000	490000	2.5133781
260000	490000	1.0002941
270000	490000	2.1929688
280000	490000	2.2742367
290000	490000	1.1228893
300000	490000	1.1046174
310000	490000	1.1984433
320000	490000	2.3145468
330000	490000	1.8064643
340000	490000	0.7069497
350000	490000	1.9784237
360000	490000	2.2427576
370000	490000	2.2260678
380000	490000	2.354596
390000	490000	1.2599862
400000	490000	1.7550526
410000	490000	2.1915183
420000	490000	1.9544687
430000	490000	0.88776976
440000	490000	1.6222488
450000	490000	1.8973831
460000	490000	2.785073
470000	490000	2.0860705
480000	490000	2.5677428
490000	490000	1.7985845
180000	500000	1.6795332
190000	500000	2.217997
200000	500000	2.8637838
210000	500000	4.426663
220000	500000	2.1409228
230000	500000	3.5111635
240000	500000	3.7200933
250000	500000	1.8591886
260000	500000	1.8380984
270000	500000	2.1342518
280000	500000	2.160539
290000	500000	3.2460606
300000	500000	1.4720819
310000	500000	1.665499
320000	500000	1.7260971
330000	500000	1.5140399
340000	500000	1.0579137
350000	500000	0.27841038
360000	500000	1.8361572
370000	500000	1.6085324
380000	500000	2.2982926
390000	500000	2.2676501
400000	500000	5.66822
410000	500000	2.559296
420000	500000	2.0384283
430000	500000	2.2951164
440000	500000	2.5316257
450000	500000	2.6338718
460000	500000	2.0327318
470000	500000	1.7481605
480000	500000	1.6947237
490000	500000	1.9532293
500000	500000	1.7106006
180000	510000	1.7710159
190000	510000	3.9996545
200000	510000	3.0107832
210000	510000	6.023824
220000	510000	3.0013275
230000	510000	3.7103627
240000	510000	2.5074878
250000	510000	2.2894506
260000	510000	2.342948
270000	510000	1.930843
280000	510000	1.1502521
290000	510000	1.5896207
300000	510000	2.8726022
310000	510000	2.1248107
320000	510000	2.1433082
330000	510000	2.161834
340000	510000	2.5464501
350000	510000	2.6921961
360000	510000	1.2368065
370000	510000	1.4858297
380000	510000	2.4983146
390000	510000	1.5731599
400000	510000	3.3292875
410000	510000	3.8536599
420000	510000	2.430834
430000	510000	2.943354
440000	510000	2.6802657
450000	510000	2.4475944
460000	510000	1.7651457
470000	510000	1.9000543
480000	510000	2.1141403
490000	510000	1.1026814
500000	510000	2.039987
510000	510000	2.0946677
180000	520000	4.095964
190000	520000	3.0834348
200000	520000	1.736591
210000	520000	2.5722756
220000	520000	2.3224332
230000	520000	2.2816994
240000	520000	2.2139843
250000	520000	3.0392933
260000	520000	2.1093514
270000	520000	1.9992945
280000	520000	1.479341
290000	520000	2.8874183
300000	520000	2.8360791
310000	520000	0.82674354
320000	520000	1.1899526
330000	520000	1.6821837
340000	520000	2.6582675
350000	520000	1.8716948
360000	520000	3.8861446
370000	520000	1.1707371
380000	520000	2.7885554
390000	520000	4.286535
400000	520000	3.8918192
410000	520000	1.6474869
420000	520000	2.330353
430000	520000	2.6887896
440000	520000	1.411048
450000	520000	2.1606777
460000	520000	0.9639774
470000	520000	1.4692929
480000	520000	1.5031154
490000	520000	1.3043702
500000	520000	1.0715606
510000	520000	1.3074194
520000	520000	2.1660228
190000	530000	0.7083504
200000	530000	1.196829
210000	530000	3.8906236
220000	530000	0.39895433
230000	530000	4.3405347
240000	530000	2.2821288
250000	530000	2.0991263
260000	530000	1.2516488
270000	530000	2.0688539
280000	530000	1.6432424
290000	530000	0.5691024
300000	530000	1.4097817
310000	530000	1.9110817
320000	530000	1.6556268
330000	530000	1.461096
340000	530000	1.8491493
350000	530000	0.98252434
360000	530000	1.9020422
370000	530000	0.82212687
380000	530000	1.3865137
390000	530000	1.7612047
400000	530000	2.5136366
410000	530000	1.7607813
420000	530000	2.4609241
430000	530000	2.4511476
440000	530000	1.7674897
450000	530000	0.8337277
460000	530000	1.9404533
470000	530000	1.3250614
480000	530000	1.4720569
490000	530000	1.4251794
500000	530000	1.4931
510000	530000	1.6836672
520000	530000	1.5049703
530000	530000	1.6563805
190000	540000	3.822134
200000	540000	0.39144817
210000	540000	1.3881931
220000	540000	1.1715269
230000	540000	1.930142
240000	540000	2.9968138
250000	540000	1.0268613
260000	540000	2.0512853
270000	540000	2.039102
280000	540000	1.2104684
290000	540000	1.9687955
300000	540000	1.9384631
310000	540000	1.5148151
320000	540000	0.65385425
330000	540000	2.025995
340000	540000	1.2195648
350000	540000	0.3243577
360000	540000	1.0830735
370000	540000	1.0912129
380000	540000	1.6172576
390000	540000	2.5232089
400000	540000	2.0165453
410000	540000	2.0778947
420000	540000	0.8915818
430000	540000	1.667167
440000	540000	1.51342
450000	540000	1.4455519
460000	540000	2.17091
470000	540000	1.6275128
480000	540000	1.7153703
490000	540000	1.1196944
500000	540000	0.9932444
510000	540000	1.2132779
520000	540000	1.1387397
530000	540000	1.6497178
540000	540000	1.8511848
190000	550000	0.96280754
200000	550000	2.1855757
210000	550000	0.9689912
220000	550000	2.5441203
230000	550000	2.1504216
240000	550000	1.3904128
250000	550000	1.918527
260000	550000	1.1421568
270000	550000	1.9018623
280000	550000	1.1316389
290000	550000	1.8341568
300000	550000	1.0385009
310000	550000	2.1167705
320000	550000	0.9217388
330000	550000	0.81314003
340000	550000	0.28643212
350000	550000	0.9130926
360000	550000	1.0174317
370000	550000	1.2892601
380000	550000	0.8726064
390000	550000	1.9142413
400000	550000	0.9591016
410000	550000	1.694094
420000	550000	1.3686669
430000	550000	1.6041514
440000	550000	1.4645547
450000	550000	1.8314965
460000	550000	0.63004094
470000	550000	1.0159196
480000	550000	1.0686111
490000	550000	2.3376768
500000	550000	1.1650009
510000	550000	1.4839866
520000	550000	1.3536943
530000	550000	2.1581383
540000	550000	1.6179485
550000	550000	1.4663144
190000	560000	1.5342499
200000	560000	3.114726
210000	560000	2.7825258
220000	560000	1.3917655
230000	560000	1.372457
240000	560000	0.6639336
250000	560000	2.1364193
260000	560000	1.4633505
270000	560000	1.2103026
280000	560000	1.8094828
290000	560000	1.511826
300000	560000	0.9951773
310000	560000	0.6804522
330000	560000	0.52404374
340000	560000	0.5518401
350000	560000	0.8823673
360000	560000	0.9820474
370000	560000	0.74747545
380000	560000	1.4846882
390000	560000	0.92961186
400000	560000	2.1050308
410000	560000	0.82880414
420000	560000	1.1717213
430000	560000	1.187356
440000	560000	1.3045843
450000	560000	2.2438128
460000	560000	1.3895632
470000	560000	0.6186917
480000	560000	1.4970315
490000	560000	0.8485023
500000	560000	1.0722405
510000	560000	1.9000504
520000	560000	1.8186389
530000	560000	2.0915914
540000	560000	1.8776355
550000	560000	1.8161023
560000	560000	2.1194983
190000	570000	0.9714017
200000	570000	1.8282061
210000	570000	0.64917135
220000	570000	3.3122005
230000	570000	3.629737
240000	570000	0.7023619
250000	570000	0.6441681
260000	570000	1.5434412
270000	570000	0.6425661
280000	570000	1.5269351
290000	570000	2.6712735
300000	570000	2.1150107
310000	570000	1.801363
320000	570000	0.62749803
330000	570000	1.1098087
340000	570000	1.1789806
350000	570000	1.8784988
360000	570000	0.52433276
370000	570000	0.79724914
380000	570000	1.1323541
390000	570000	2.4968386
400000	570000	2.2592452
410000	570000	2.0845385
420000	570000	1.4478736
430000	570000	1.9255761
440000	570000	1.2646312
450000	570000	1.8405255
460000	570000	1.2505527
470000	570000	1.3707589
480000	570000	1.2313061
490000	570000	1.819458
500000	570000	2.3812673
510000	570000	1.4090545
520000	570000	2.0080376
530000	570000	1.5535631
540000	570000	1.7466911
550000	570000	1.8033864
560000	570000	2.1832883
570000	570000	1.4584819
190000	580000	3.1793978
200000	580000	1.3504134
210000	580000	1.600317
220000	580000	0.90152055
230000	580000	2.239505
240000	580000	1.3002517
250000	580000	2.7825463
260000	580000	0.4750614
270000	580000	0.79067564
280000	580000	1.4186475
290000	580000	2.301078
300000	580000	1.63493
310000	580000	0.8932688
320000	580000	0.7752017
330000	580000	0.6898776
340000	580000	0.36411288
350000	580000	2.7312403
360000	580000	1.3022888
370000	580000	0.9932016
380000	580000	0.84541404
390000	580000	0.93309444
400000	580000	0.62927204
410000	580000	1.4914738
420000	580000	0.4551879
430000	580000	1.349402
440000	580000	1.395723
450000	580000	1.9513884
460000	580000	0.53187984
470000	580000	1.1726881
480000	580000	1.4466683
490000	580000	1.6805321
500000	580000	1.371203
510000	580000	1.1428448
520000	580000	2.105811
530000	580000	1.365781
540000	580000	2.3126836
550000	580000	1.8908422
560000	580000	1.4975674
570000	580000	1.709556
580000	580000	1.4283869
190000	590000	0.43351823
200000	590000	0.49125966
210000	590000	1.3138504
220000	590000	1.4820807
230000	590000	2.9268003
240000	590000	0.9511114
250000	590000	1.7448894
260000	590000	1.0426612
270000	590000	1.2983673
280000	590000	3.1043692
290000	590000	0.7241763
300000	590000	1.0733805
310000	590000	1.4735618
330000	590000	0.37890708
340000	590000	0.805023
350000	590000	0.8571752
360000	590000	0.7215523
370000	590000	0.36557356
380000	590000	1.5608095
390000	590000	2.7530785
400000	590000	0.69701266
410000	590000	2.0777893
420000	590000	2.533919
430000	590000	2.7159529
440000	590000	1.1181825
450000	590000	1.3131387
460000	590000	1.4039825
470000	590000	0.99784905
480000	590000	0.99042404
490000	590000	1.287477
500000	590000	1.5953741
510000	590000	1.345851
520000	590000	1.8224199
530000	590000	1.440934
540000	590000	2.1780005
550000	590000	2.2260952
560000	590000	1.6046996
570000	590000	1.5640053
580000	590000	2.0574212
590000	590000	2.1319478
190000	600000	0.67297566
200000	600000	2.2844753
210000	600000	1.6979775
220000	600000	3.4581466
230000	600000	1.1395667
240000	600000	0.73597467
250000	600000	1.020225
260000	600000	1.2194659
270000	600000	1.0123546
280000	600000	2.0122027
290000	600000	1.1259388
300000	600000	0.84005237
310000	600000	1.5275028
320000	600000	0.33385703
330000	600000	0.5935313
340000	600000	0.31415257
350000	600000	1.3465221
360000	600000	0.84471154
370000	600000	0.8634919
380000	600000	0.48982412
390000	600000	0.5417039
400000	600000	1.3698612
410000	600000	2.2893038
420000	600000	0.8026021
430000	600000	2.3871703
440000	600000	1.2437146
450000	600000	1.3952836
460000	600000	0.9589638
470000	600000	1.604124
480000	600000	1.1975819
490000	600000	1.9571018
500000	600000	1.4328833
510000	600000	1.2361948
520000	600000	2.5414326
530000	600000	1.9484291
540000	600000	2.2510755
550000	600000	2.640578
560000	600000	2.349048
570000	600000	2.952281
580000	600000	2.8706057
590000	600000	1.9942932
600000	600000	1.6923206
180000	610000	2.3058143
190000	610000	1.7426167
200000	610000	1.9694523
210000	610000	0.87700945
220000	610000	2.481969
230000	610000	2.9533043
240000	610000	0.47741678
250000	610000	1.3152725
260000	610000	1.055926
270000	610000	1.7534559
280000	610000	1.0455745
290000	610000	0.7295459
300000	610000	0.7253437
310000	610000	1.4937713
320000	610000	1.7297515
330000	610000	0.7726778
340000	610000	0.40993002
350000	610000	0.8754554
360000	610000	0.3684591
370000	610000	0.374261
380000	610000	0.6425258
390000	610000	1.0621153
400000	610000	1.4370044
420000	610000	1.8416219
430000	610000	0.6298675
440000	610000	0.7024831
450000	610000	1.6159904
460000	610000	1.4854238
470000	610000	0.35494593
480000	610000	0.8909719
490000	610000	2.9788735
500000	610000	1.055675
510000	610000	1.8497941
520000	610000	2.5668511
530000	610000	3.8597963
540000	610000	3.6956801
550000	610000	2.860896
560000	610000	3.2535942
570000	610000	3.1775491
580000	610000	2.9529161
590000	610000	1.4973067
600000	610000	1.6317593
610000	610000	1.7605661
190000	620000	1.3042911
200000	620000	1.474912
210000	620000	0.8746643
240000	620000	1.90846
260000	620000	2.099762
270000	620000	2.1955674
280000	620000	2.6188183
290000	620000	1.0963624
300000	620000	0.7249341
310000	620000	0.49736875
320000	620000	0.86972404
330000	620000	0.77187765
350000	620000	0.44051436
360000	620000	1.1085314
370000	620000	0.37771443
380000	620000	0.32216996
400000	620000	0.3621625
410000	620000	1.2995387
420000	620000	1.3287504
430000	620000	0.9554093
440000	620000	0.47650483
450000	620000	1.1732472
460000	620000	2.1662445
470000	620000	0.36345482
480000	620000	2.5543737
490000	620000	2.1717136
500000	620000	2.1868958
510000	620000	2.2773082
520000	620000	1.1016692
530000	620000	2.8851058
540000	620000	2.781307
550000	620000	3.1393907
560000	620000	1.9618183
570000	620000	2.21942
580000	620000	2.2847214
590000	620000	2.1483066
600000	620000	2.0710437
610000	620000	1.5697658
620000	620000	1.9908671
190000	630000	0.405477
200000	630000	1.8482475
210000	630000	0.41125825
220000	630000	0.928617
230000	630000	2.2997596
240000	630000	0.895384
250000	630000	1.238616
270000	630000	0.82235104
280000	630000	0.9882143
290000	630000	0.6896314
300000	630000	0.68399453
310000	630000	1.4044242
320000	630000	0.40908256
330000	630000	1.0965068
340000	630000	1.5488356
350000	630000	0.83305866
360000	630000	1.0506254
370000	630000	0.3567343
380000	630000	0.30620897
390000	630000	2.3678496
400000	630000	1.0351562
410000	630000	2.0563037
420000	630000	1.7717148
430000	630000	1.5147923
440000	630000	0.6806932
450000	630000	1.1242324
460000	630000	1.2441747
470000	630000	2.096528
480000	630000	1.055698
490000	630000	0.8725646
500000	630000	1.5953332
510000	630000	1.5379164
520000	630000	2.0414994
530000	630000	3.6007583
540000	630000	4.637128
550000	630000	3.1786723
560000	630000	2.2117422
570000	630000	2.5165362
580000	630000	2.3487127
590000	630000	2.4601307
600000	630000	2.347093
610000	630000	2.006475
620000	630000	2.0277884
630000	630000	1.9594418
190000	640000	0.45412412
200000	640000	1.027294
210000	640000	1.8428146
220000	640000	1.5612872
230000	640000	1.5447792
240000	640000	1.5013964
250000	640000	0.9235351
260000	640000	0.55491513
270000	640000	0.92364377
280000	640000	1.6544154
290000	640000	1.9386282
300000	640000	1.153851
310000	640000	1.0529623
320000	640000	0.4589456
330000	640000	0.81965536
340000	640000	1.3112632
350000	640000	0.4670799
360000	640000	1.5787882
370000	640000	1.208976
380000	640000	1.034123
390000	640000	0.7664267
400000	640000	0.38842282
410000	640000	0.46703568
420000	640000	1.432078
430000	640000	0.68783945
440000	640000	0.25727448
450000	640000	1.7866055
460000	640000	0.9473454
470000	640000	1.1960381
480000	640000	0.80649036
490000	640000	2.0059097
500000	640000	1.426149
510000	640000	1.78298
520000	640000	1.535877
530000	640000	1.7543895
540000	640000	2.4964752
550000	640000	2.2217734
560000	640000	3.0028875
570000	640000	1.6532584
580000	640000	1.4264666
590000	640000	2.1247609
600000	640000	2.03308
610000	640000	2.1751018
620000	640000	2.0896428
630000	640000	1.4160055
640000	640000	1.6846985
200000	650000	0.49007946
210000	650000	0.8725888
220000	650000	2.9799788
240000	650000	1.9092387
250000	650000	1.7590232
260000	650000	1.586168
270000	650000	0.8827117
280000	650000	0.52767193
290000	650000	1.1059649
300000	650000	0.7368675
310000	650000	1.0088162
320000	650000	1.3191118
340000	650000	0.41751608
360000	650000	0.7541068
370000	650000	2.3215516
390000	650000	1.837541
400000	650000	1.1246151
410000	650000	2.2394094
420000	650000	1.6625481
430000	650000	2.3208628
440000	650000	1.4928473
450000	650000	1.4792509
460000	650000	1.8322145
470000	650000	2.327484
480000	650000	1.1758671
490000	650000	0.78327715
500000	650000	1.1970032
510000	650000	1.1638756
520000	650000	2.0685315
530000	650000	2.7803717
540000	650000	2.4869325
550000	650000	3.6713731
560000	650000	1.4686394
570000	650000	1.4872853
580000	650000	2.1877825
590000	650000	2.826895
600000	650000	1.6383563
610000	650000	1.4159113
620000	650000	2.4173794
630000	650000	1.535901
640000	650000	2.0059435
650000	650000	1.672687
180000	660000	2.2096775
190000	660000	1.2538161
200000	660000	1.8895466
210000	660000	0.4220444
220000	660000	2.8611982
240000	660000	0.9241772
250000	660000	0.42522073
270000	660000	2.5581043
280000	660000	1.0225513
290000	660000	0.7152658
300000	660000	1.420665
310000	660000	0.48988003
320000	660000	0.8542134
330000	660000	1.1414111
340000	660000	1.2137098
350000	660000	0.86999995
360000	660000	1.1028528
370000	660000	0.74950206
380000	660000	0.96877855
390000	660000	1.792911
400000	660000	0.36449015
410000	660000	2.1912313
420000	660000	0.8082289
430000	660000	1.3008115
440000	660000	1.9454731
450000	660000	0.725197
460000	660000	2.0186708
470000	660000	0.7606417
480000	660000	0.96664125
490000	660000	1.3508216
500000	660000	1.1847211
510000	660000	1.3480539
520000	660000	1.5058845
530000	660000	2.0880842
540000	660000	2.6535451
550000	660000	3.3107316
560000	660000	2.4131677
570000	660000	1.8598949
580000	660000	2.2804804
590000	660000	2.0821779
600000	660000	2.0177908
610000	660000	1.6942021
620000	660000	1.9820838
630000	660000	1.3596271
640000	660000	2.2640615
650000	660000	1.6659218
660000	660000	1.6346453
180000	670000	2.5302038
190000	670000	1.4383905
200000	670000	1.0855335
210000	670000	2.4142997
220000	670000	3.285174
230000	670000	1.6265169
250000	670000	1.4658606
260000	670000	1.7577168
270000	670000	1.9544467
280000	670000	1.7586783
300000	670000	1.2268807
310000	670000	1.6815711
330000	670000	0.87732154
340000	670000	0.46644613
350000	670000	1.0006256
360000	670000	0.8451613
370000	670000	1.3010365
380000	670000	1.4849471
390000	670000	0.41431254
400000	670000	1.2663703
410000	670000	2.023081
420000	670000	2.5031667
430000	670000	2.6270878
440000	670000	0.8493592
450000	670000	1.9630702
460000	670000	1.8272467
470000	670000	1.3262947
480000	670000	0.899916
490000	670000	0.22595415
500000	670000	0.9238498
510000	670000	1.3574171
520000	670000	1.4518689
530000	670000	1.6402754
540000	670000	2.4117749
550000	670000	3.7884426
560000	670000	1.3775699
570000	670000	1.5850723
580000	670000	3.2277555
590000	670000	2.1467957
600000	670000	1.7640718
610000	670000	2.519517
620000	670000	1.7521139
630000	670000	1.681716
640000	670000	1.7801316
650000	670000	1.5713011
660000	670000	1.8568999
670000	670000	1.3283247
190000	680000	1.4116746
200000	680000	2.1347518
210000	680000	1.4265575
220000	680000	2.1476398
230000	680000	1.0671095
240000	680000	2.591805
250000	680000	3.8477046
260000	680000	0.57705325
270000	680000	1.4419531
280000	680000	2.879143
290000	680000	0.40420514
300000	680000	1.2093629
310000	680000	1.1063807
320000	680000	0.48284915
330000	680000	1.3002322
340000	680000	0.46093607
350000	680000	1.9776102
360000	680000	1.249725
370000	680000	1.7091208
380000	680000	0.7364404
390000	680000	2.0411599
400000	680000	0.83606493
410000	680000	2.0081594
420000	680000	1.5475193
430000	680000	0.7471786
440000	680000	0.8401267
450000	680000	1.6790174
460000	680000	0.77867216
470000	680000	4.4098735
480000	680000	0.44830322
490000	680000	2.2537107
500000	680000	0.69536716
510000	680000	2.0413256
520000	680000	2.2740338
530000	680000	3.1062412
540000	680000	2.8104503
550000	680000	2.5728621
560000	680000	1.4073768
570000	680000	2.171523
580000	680000	3.3401053
590000	680000	1.9493027
600000	680000	2.1824706
610000	680000	1.3042303
620000	680000	2.146414
630000	680000	2.6740608
640000	680000	1.9081613
650000	680000	2.329578
660000	680000	1.9967909
670000	680000	2.029132
680000	680000	1.545065
200000	690000	3.2756395
210000	690000	0.97470194
220000	690000	1.1022444
230000	690000	0.545347
240000	690000	1.063417
250000	690000	0.9793532
260000	690000	0.5920465
270000	690000	1.9736845
280000	690000	2.9520853
290000	690000	0.82767445
300000	690000	1.2387896
310000	690000	1.136733
320000	690000	0.9933944
330000	690000	1.329095
340000	690000	0.9493823
350000	690000	1.0184729
360000	690000	0.85814744
370000	690000	1.3170953
380000	690000	1.890696
390000	690000	1.2661482
400000	690000	1.7173095
410000	690000	0.5182131
420000	690000	1.601108
430000	690000	1.155531
440000	690000	2.324508
450000	690000	1.7310444
460000	690000	0.26995987
470000	690000	0.9140921
480000	690000	1.631349
490000	690000	0.93617636
500000	690000	1.6868188
510000	690000	1.6608062
520000	690000	1.6973687
530000	690000	2.6080074
540000	690000	2.366915
550000	690000	3.385458
560000	690000	4.034789
570000	690000	2.8904858
580000	690000	2.438962
590000	690000	2.102512
600000	690000	1.3619038
610000	690000	2.7521107
620000	690000	1.6143363
630000	690000	1.9659013
640000	690000	1.1500074
650000	690000	2.5254383
660000	690000	2.59596
670000	690000	1.7423701
680000	690000	1.4386814
690000	690000	1.8503963
190000	700000	0.47969693
200000	700000	3.2832432
210000	700000	0.48949897
220000	700000	1.6637781
230000	700000	1.6488954
240000	700000	1.0672103
250000	700000	1.9727092
260000	700000	0.5918421
270000	700000	1.9882461
280000	700000	1.1902254
290000	700000	2.9163907
300000	700000	2.4906213
310000	700000	0.571639
320000	700000	2.5053482
330000	700000	0.44747365
340000	700000	0.47642958
350000	700000	3.0895388
360000	700000	0.867867
370000	700000	0.88800853
380000	700000	0.7629875
390000	700000	1.2766773
400000	700000	2.1790507
410000	700000	0.52256393
420000	700000	2.2718062
430000	700000	1.1738663
440000	700000	0.29414365
450000	700000	1.1756741
460000	700000	1.912946
470000	700000	1.8669739
480000	700000	2.1344092
490000	700000	1.6724579
500000	700000	0.49141952
510000	700000	3.3906183
520000	700000	2.4406633
530000	700000	3.3448653
540000	700000	3.6585588
550000	700000	2.9744425
560000	700000	2.1623623
570000	700000	1.6574204
580000	700000	1.3600428
590000	700000	1.5306164
600000	700000	2.1634624
610000	700000	2.1077855
620000	700000	1.8771316
630000	700000	1.4517597
640000	700000	2.809654
650000	700000	1.7771568
660000	700000	2.2116969
670000	700000	2.2492254
680000	700000	1.4626896
690000	700000	1.7280822
700000	700000	1.8981653
180000	710000	4.6229067
190000	710000	1.7526181
210000	710000	0.89224297
220000	710000	3.0389936
230000	710000	1.5087379
240000	710000	0.9780102
250000	710000	2.7001953
260000	710000	2.7099676
270000	710000	2.2590437
280000	710000	1.6353372
290000	710000	0.7636818
300000	710000	1.8999362
330000	710000	1.2313727
340000	710000	0.43754816
350000	710000	1.8796823
360000	710000	1.5958812
370000	710000	2.8580573
380000	710000	1.0524327
390000	710000	2.3422933
400000	710000	0.7991317
410000	710000	1.4469843
420000	710000	2.3806126
430000	710000	2.5241346
440000	710000	0.5434016
450000	710000	2.1643615
460000	710000	1.518869
470000	710000	2.1480687
480000	710000	3.3032327
490000	710000	1.1053706
500000	710000	2.2807426
510000	710000	1.1227093
520000	710000	1.2944767
530000	710000	1.0412511
540000	710000	3.9820902
550000	710000	3.2788172
560000	710000	2.177486
570000	710000	1.5576522
580000	710000	1.9339154
590000	710000	1.6168404
600000	710000	2.643187
610000	710000	2.3003302
620000	710000	1.7081046
630000	710000	2.3535662
640000	710000	3.2341747
650000	710000	2.1662493
660000	710000	3.468089
670000	710000	2.2730503
680000	710000	1.8792704
690000	710000	1.5604298
700000	710000	1.7767371
710000	710000	1.9821951
190000	720000	2.3340688
200000	720000	0.662018
210000	720000	0.5908957
230000	720000	0.6699788
250000	720000	1.8047733
260000	720000	2.164314
270000	720000	2.414165
290000	720000	1.5305752
300000	720000	0.5080049
310000	720000	1.3954144
320000	720000	1.2219533
330000	720000	2.190182
360000	720000	0.53111273
370000	720000	1.0951772
380000	720000	0.47056854
390000	720000	2.6182418
400000	720000	0.534666
410000	720000	1.9351695
420000	720000	0.8013016
430000	720000	1.4468559
440000	720000	1.8261739
450000	720000	1.4581269
460000	720000	2.379272
470000	720000	1.1610119
480000	720000	1.1826928
490000	720000	1.7966605
500000	720000	1.8470236
510000	720000	3.9523797
520000	720000	2.844842
530000	720000	3.947317
540000	720000	2.5831761
550000	720000	6.4699893
560000	720000	3.372933
570000	720000	2.3296294
580000	720000	2.8721128
590000	720000	2.9064858
600000	720000	2.8686657
610000	720000	2.075971
620000	720000	3.2561936
630000	720000	1.8918602
640000	720000	2.76416
650000	720000	3.7947185
660000	720000	2.8646674
670000	720000	2.279612
680000	720000	2.6029434
690000	720000	2.75287
700000	720000	1.9135612
710000	720000	1.5575498
720000	720000	1.2825836
180000	730000	4.9633965
190000	730000	1.8865533
200000	730000	1.0722452
210000	730000	1.4362317
220000	730000	1.0846751
240000	730000	2.1149237
250000	730000	1.9530538
270000	730000	0.97703445
280000	730000	1.7613118
290000	730000	2.056743
300000	730000	0.8254996
310000	730000	1.13441
320000	730000	2.4805005
330000	730000	0.44394273
340000	730000	1.424728
350000	730000	1.0244213
360000	730000	1.2979777
370000	730000	0.88654035
380000	730000	3.0701697
390000	730000	2.9898927
400000	730000	0.4361143
410000	730000	1.0497599
420000	730000	2.2807999
430000	730000	3.1588523
440000	730000	1.4852505
450000	730000	1.7878695
460000	730000	1.11396
470000	730000	2.3698545
480000	730000	2.915343
490000	730000	2.2003374
500000	730000	1.5213084
510000	730000	1.2476656
520000	730000	1.9819536
530000	730000	3.4781137
540000	730000	3.1900814
550000	730000	4.0659165
560000	730000	3.4479773
570000	730000	2.581596
580000	730000	2.0260334
590000	730000	3.168427
600000	730000	3.8862536
610000	730000	2.2280862
620000	730000	2.6162813
630000	730000	2.6103768
640000	730000	2.7678804
650000	730000	2.5715392
660000	730000	2.8335354
670000	730000	2.9016645
680000	730000	1.7317023
690000	730000	2.0609937
700000	730000	2.3779767
710000	730000	1.7556309
720000	730000	1.4838705
730000	730000	1.7609718
190000	740000	1.0269295
200000	740000	0.58404285
210000	740000	2.0901752
220000	740000	1.776677
230000	740000	2.3518264
240000	740000	1.7282816
250000	740000	0.5331087
260000	740000	0.6415085
270000	740000	1.6056532
280000	740000	0.640491
290000	740000	1.8014218
300000	740000	1.7941079
310000	740000	2.4845295
320000	740000	1.0871545
340000	740000	1.556911
350000	740000	1.6800218
360000	740000	0.47446477
370000	740000	2.9201427
380000	740000	1.256125
390000	740000	0.93899256
400000	740000	0.9588999
410000	740000	1.7311076
420000	740000	1.4293431
430000	740000	3.4624026
440000	740000	0.9833572
450000	740000	2.2864687
460000	740000	1.2272807
470000	740000	1.5702238
480000	740000	2.1387916
490000	740000	1.0829998
500000	740000	1.674073
510000	740000	0.83103514
520000	740000	2.3917735
530000	740000	3.3450835
540000	740000	2.5930257
550000	740000	3.2812352
560000	740000	2.3831081
570000	740000	2.3395
580000	740000	2.475842
590000	740000	2.094188
600000	740000	1.6562308
610000	740000	4.3287845
620000	740000	2.6432147
630000	740000	2.8418052
640000	740000	4.055515
650000	740000	2.247991
660000	740000	3.127189
670000	740000	2.402126
680000	740000	2.6923568
690000	740000	2.731878
700000	740000	2.7485363
710000	740000	1.4953245
720000	740000	1.759965
730000	740000	1.563864
740000	740000	1.5951853
200000	750000	0.5089489
210000	750000	2.733899
220000	750000	1.0348196
230000	750000	1.5417433
240000	750000	1.5017349
250000	750000	1.3948375
260000	750000	2.242601
270000	750000	2.343184
280000	750000	0.5616834
290000	750000	2.359569
300000	750000	1.965314
310000	750000	1.0805473
320000	750000	1.9058702
330000	750000	2.1305254
340000	750000	1.8184454
350000	750000	0.9796782
360000	750000	0.8304375
370000	750000	0.42720747
380000	750000	1.1039393
390000	750000	0.8200293
410000	750000	1.5233335
420000	750000	0.9433408
430000	750000	0.7598588
440000	750000	1.4379252
450000	750000	1.4425324
460000	750000	1.3460605
470000	750000	1.384726
480000	750000	0.7089513
490000	750000	2.3848796
500000	750000	1.7312937
510000	750000	2.1959667
520000	750000	1.9481814
530000	750000	2.7340775
540000	750000	1.8844982
550000	750000	2.547282
560000	750000	2.7679546
570000	750000	1.7691134
580000	750000	2.7629457
590000	750000	3.943217
600000	750000	2.166691
610000	750000	2.2709405
620000	750000	2.997238
630000	750000	2.3268332
640000	750000	2.91554
650000	750000	2.186588
660000	750000	2.9175766
670000	750000	2.990117
680000	750000	2.505512
690000	750000	2.617059
700000	750000	2.2912831
710000	750000	2.0461993
720000	750000	1.764272
730000	750000	1.9481745
740000	750000	1.5603433
750000	750000	1.9594572
190000	760000	1.2361007
200000	760000	2.3517592
210000	760000	2.093194
220000	760000	0.95137537
230000	760000	2.3669386
240000	760000	3.2291954
250000	760000	0.8519024
260000	760000	2.062136
270000	760000	0.43182194
280000	760000	0.5185328
290000	760000	2.5452871
300000	760000	2.1712906
310000	760000	0.9983801
320000	760000	1.7478403
330000	760000	0.787585
350000	760000	0.45240766
360000	760000	0.7658532
370000	760000	1.5767055
380000	760000	0.6811122
390000	760000	0.75983703
400000	760000	1.5536449
410000	760000	0.471037
420000	760000	2.0421846
430000	760000	0.7049892
440000	760000	0.7985123
450000	760000	1.0675066
460000	760000	1.7549295
470000	760000	2.9890285
480000	760000	1.5380633
490000	760000	1.5558218
500000	760000	1.1484697
510000	760000	1.596282
520000	760000	1.4802772
530000	760000	4.2690988
540000	760000	4.1050386
550000	760000	4.2599726
560000	760000	3.9599864
570000	760000	2.8615737
580000	760000	2.6033607
590000	760000	2.8279357
600000	760000	2.3043263
610000	760000	2.3072603
620000	760000	3.5524907
630000	760000	2.4727507
640000	760000	3.686392
650000	760000	3.552634
660000	760000	3.323328
670000	760000	2.9412718
680000	760000	3.2963705
690000	760000	3.0624273
700000	760000	1.8934748
710000	760000	1.5714062
720000	760000	1.8731338
730000	760000	2.300913
740000	760000	1.7166712
750000	760000	1.7905403
760000	760000	1.5241544
190000	770000	1.7798469
200000	770000	2.022438
210000	770000	1.81714
230000	770000	0.6813704
240000	770000	1.3305508
250000	770000	1.2291167
260000	770000	1.4788488
270000	770000	1.2433087
280000	770000	0.7480378
290000	770000	0.5255359
300000	770000	1.0476905
310000	770000	1.4390626
330000	770000	0.5653988
350000	770000	0.6549493
360000	770000	0.55369556
370000	770000	0.56912565
380000	770000	0.9838965
390000	770000	1.6514121
400000	770000	0.5634584
420000	770000	0.8473977
430000	770000	1.5360395
440000	770000	1.5464964
450000	770000	1.933542
460000	770000	1.815372
470000	770000	1.8676666
480000	770000	1.2729301
490000	770000	0.9706063
500000	770000	2.010829
510000	770000	1.65782
520000	770000	3.609933
530000	770000	4.655221
540000	770000	2.8671708
550000	770000	1.743366
560000	770000	3.3497195
570000	770000	1.3234024
580000	770000	3.3079112
590000	770000	1.3036487
600000	770000	3.5844479
610000	770000	2.5042143
620000	770000	3.3753557
630000	770000	2.7531018
640000	770000	3.0455103
650000	770000	2.5007944
660000	770000	0.73812586
670000	770000	2.0055315
680000	770000	1.9208272
690000	770000	3.2661068
700000	770000	2.5661688
710000	770000	1.3242095
720000	770000	1.5920042
730000	770000	2.6798127
740000	770000	1.5149738
750000	770000	2.067959
760000	770000	1.6563119
770000	770000	1.8035398
190000	780000	0.6047543
200000	780000	0.6900094
210000	780000	1.8513639
220000	780000	2.1112049
230000	780000	2.0900855
250000	780000	0.63000005
260000	780000	0.75834936
270000	780000	0.6338081
280000	780000	1.5309823
300000	780000	1.0763884
310000	780000	2.2211585
340000	780000	2.4830675
360000	780000	1.1395963
370000	780000	1.7549195
380000	780000	2.0196183
390000	780000	1.695737
400000	780000	1.1606677
410000	780000	0.7002004
420000	780000	0.43416476
430000	780000	1.0571673
440000	780000	2.3951964
450000	780000	1.1978592
460000	780000	2.243842
470000	780000	0.6408913
480000	780000	1.3192374
490000	780000	1.9985445
500000	780000	2.427472
510000	780000	1.0316569
520000	780000	2.736079
530000	780000	1.9367785
540000	780000	2.6669278
550000	780000	2.5966804
560000	780000	3.2481887
570000	780000	1.8390765
580000	780000	2.384046
590000	780000	2.9889793
600000	780000	1.7804284
610000	780000	2.623258
620000	780000	3.329175
630000	780000	2.9053686
640000	780000	2.4103181
650000	780000	2.1294959
660000	780000	1.2606918
670000	780000	2.1531186
680000	780000	2.2252195
690000	780000	2.3377829
700000	780000	2.225241
710000	780000	1.8969373
720000	780000	1.9589367
730000	780000	1.8164612
740000	780000	1.9578426
750000	780000	1.8995821
760000	780000	1.6124221
770000	780000	1.9509481
780000	780000	1.886829
190000	790000	1.9850702
200000	790000	2.8163586
210000	790000	2.529222
220000	790000	1.7225789
230000	790000	1.1476728
240000	790000	1.1147434
250000	790000	1.0324155
260000	790000	1.2451514
270000	790000	1.0411389
280000	790000	1.8750615
300000	790000	1.325944
310000	790000	1.8275145
320000	790000	1.0673648
340000	790000	1.0223681
350000	790000	1.1011457
360000	790000	0.46931934
370000	790000	0.964187
380000	790000	0.8312131
390000	790000	0.46459275
400000	790000	0.9544568
410000	790000	0.5775422
420000	790000	1.7927191
430000	790000	1.3013003
440000	790000	0.9901228
450000	790000	0.6603296
460000	790000	0.9277019
470000	790000	0.52865833
480000	790000	0.81571
490000	790000	1.3822807
500000	790000	1.4295924
510000	790000	1.1398605
520000	790000	1.85939
530000	790000	1.6030731
540000	790000	2.7151034
550000	790000	1.9342893
560000	790000	4.0682325
570000	790000	2.8690782
580000	790000	2.8742855
590000	790000	1.8122879
600000	790000	1.485968
610000	790000	2.4031904
620000	790000	1.8619162
630000	790000	3.1006637
640000	790000	3.2253063
650000	790000	2.0995295
660000	790000	1.8806202
670000	790000	2.9733615
680000	790000	2.29582
690000	790000	1.9052058
700000	790000	1.6256961
710000	790000	1.771829
720000	790000	2.6090999
730000	790000	1.3916962
740000	790000	2.1651738
750000	790000	2.2536683
760000	790000	1.9429132
770000	790000	2.113382
780000	790000	2.0482337
790000	790000	1.6612617
190000	800000	1.2823918
200000	800000	2.9268818
210000	800000	1.9610627
220000	800000	0.7450658
230000	800000	2.223558
250000	800000	0.6691443
260000	800000	0.8075444
270000	800000	0.67653745
280000	800000	1.6253073
290000	800000	0.5708585
300000	800000	1.7201942
320000	800000	0.69511163
330000	800000	1.2446121
340000	800000	0.66400146
360000	800000	0.6072449
370000	800000	0.6285923
380000	800000	1.6266323
400000	800000	0.6209431
410000	800000	2.2555046
420000	800000	0.93631935
430000	800000	3.4024022
440000	800000	0.8574933
450000	800000	3.4569178
460000	800000	1.6191379
470000	800000	4.1520534
480000	800000	0.71011
490000	800000	2.1648085
500000	800000	3.0052898
510000	800000	1.8596796
520000	800000	2.9811833
530000	800000	2.8104413
540000	800000	0.97023904
550000	800000	1.7003783
560000	800000	2.0306137
570000	800000	3.0338635
580000	800000	2.0385263
590000	800000	1.795946
600000	800000	2.6148427
610000	800000	1.0583817
620000	800000	2.4751935
630000	800000	1.7337888
640000	800000	1.5848818
650000	800000	0.40127167
660000	800000	1.4376456
670000	800000	1.5284913
680000	800000	1.7260745
690000	800000	2.2689457
700000	800000	2.2284167
710000	800000	1.2294921
720000	800000	1.7591984
730000	800000	0.94515485
740000	800000	2.1854877
750000	800000	2.1301177
760000	800000	1.372062
770000	800000	2.4611034
780000	800000	1.7130746
790000	800000	1.7691112
800000	800000	2.1577969
190000	810000	0.69252807
200000	810000	1.5717756
210000	810000	4.235349
220000	810000	0.80036557
230000	810000	2.3984225
240000	810000	0.7802974
250000	810000	2.175791
270000	810000	2.1884058
290000	810000	1.8509787
300000	810000	0.6160858
320000	810000	1.5023819
330000	810000	0.673777
340000	810000	1.4400707
350000	810000	2.324917
410000	810000	1.626367
430000	810000	2.4619918
440000	810000	1.3977855
460000	810000	1.3211553
470000	810000	0.75298923
480000	810000	1.1590279
490000	810000	0.78328496
500000	810000	2.4452882
510000	810000	0.40622127
520000	810000	1.7642663
530000	810000	3.4477482
540000	810000	2.827941
550000	810000	0.92601883
560000	810000	2.5040076
570000	810000	1.65218
580000	810000	0.95993906
590000	810000	2.2940996
600000	810000	1.4360213
610000	810000	0.8708461
620000	810000	1.902931
630000	810000	1.6764622
640000	810000	1.4996701
650000	810000	0.8897961
660000	810000	1.598847
670000	810000	1.2748334
680000	810000	2.904262
690000	810000	1.2762295
700000	810000	0.6723257
710000	810000	1.1207616
720000	810000	1.5221256
730000	810000	1.2262635
740000	810000	0.8287696
750000	810000	0.9861016
760000	810000	1.8869109
770000	810000	1.4715239
780000	810000	1.7161021
790000	810000	2.0060127
800000	810000	2.2314785
810000	810000	2.7548683
190000	820000	1.3147804
200000	820000	1.5008881
210000	820000	2.6811705
230000	820000	1.5185857
240000	820000	1.4882588
250000	820000	0.68847245
270000	820000	2.7797992
280000	820000	1.6738443
290000	820000	1.1786231
320000	820000	0.7162328
340000	820000	0.68925047
360000	820000	1.2563679
370000	820000	1.295465
380000	820000	1.1176952
390000	820000	0.62914604
400000	820000	1.9347034
410000	820000	0.77875996
420000	820000	0.48445156
430000	820000	0.5888666
440000	820000	1.3413554
450000	820000	0.44833452
460000	820000	0.8409054
470000	820000	0.7242836
480000	820000	0.37167293
490000	820000	1.883857
500000	820000	1.9556065
510000	820000	0.7792669
520000	820000	1.9875432
530000	820000	1.1024077
540000	820000	2.0448017
550000	820000	1.4914289
560000	820000	1.3396103
570000	820000	2.4016821
580000	820000	1.232494
590000	820000	1.9102081
600000	820000	2.085141
610000	820000	2.5369916
620000	820000	1.3183901
630000	820000	1.8604271
640000	820000	0.9767987
650000	820000	1.7369097
660000	820000	0.39181402
670000	820000	2.089144
680000	820000	1.9036403
690000	820000	1.084871
700000	820000	1.1702094
710000	820000	1.2612218
720000	820000	1.3630337
730000	820000	0.7504479
740000	820000	1.1000508
750000	820000	1.7002888
760000	820000	1.2065411
770000	820000	1.8407286
780000	820000	1.7602205
790000	820000	2.3348835
800000	820000	2.1344657
810000	820000	1.6359569
820000	820000	2.6110063
190000	830000	0.6502904
210000	830000	1.3254491
220000	830000	0.75128466
230000	830000	0.75058347
260000	830000	0.81957924
270000	830000	0.6895274
300000	830000	1.16442
320000	830000	0.7044678
330000	830000	1.9065975
340000	830000	1.3637187
350000	830000	0.736404
360000	830000	0.62358207
390000	830000	1.8583633
400000	830000	0.6398723
420000	830000	0.9607409
440000	830000	0.4429185
450000	830000	0.44546786
460000	830000	0.83654183
470000	830000	2.147956
480000	830000	1.4806474
490000	830000	1.5011947
500000	830000	1.9479619
510000	830000	0.38716826
520000	830000	0.8459491
530000	830000	1.4695946
540000	830000	1.6924226
550000	830000	1.4887885
560000	830000	1.876512
570000	830000	2.6607206
580000	830000	0.92752135
590000	830000	2.5394094
600000	830000	1.3982031
610000	830000	1.6952039
620000	830000	2.1209536
630000	830000	0.46710277
640000	830000	0.982071
650000	830000	1.0981679
660000	830000	0.3959566
670000	830000	0.636112
680000	830000	2.13184
690000	830000	1.1044074
700000	830000	0.514984
710000	830000	1.2988175
720000	830000	1.0587769
730000	830000	0.7827806
740000	830000	0.77449363
750000	830000	1.4135903
760000	830000	1.4809033
770000	830000	1.7480508
780000	830000	1.0705239
790000	830000	1.7822193
800000	830000	2.4592884
810000	830000	2.7254026
820000	830000	2.4624262
830000	830000	2.0699894
190000	840000	0.7643627
200000	840000	1.7485646
210000	840000	1.5610335
220000	840000	0.8900732
230000	840000	0.884278
240000	840000	0.86677516
260000	840000	1.9394236
270000	840000	0.81209266
280000	840000	0.9815069
300000	840000	0.688603
310000	840000	0.95123017
320000	840000	0.83519405
350000	840000	0.8729441
360000	840000	0.740594
380000	840000	0.65660125
390000	840000	0.73631465
410000	840000	1.8383768
420000	840000	0.5714484
430000	840000	0.69276094
440000	840000	2.1019595
450000	840000	1.5863218
460000	840000	0.99598867
470000	840000	0.8534874
490000	840000	0.8957572
500000	840000	0.4650098
510000	840000	2.3105814
520000	840000	1.3430092
530000	840000	1.3116432
540000	840000	1.6220635
550000	840000	0.7087358
560000	840000	0.64130753
570000	840000	1.2760175
580000	840000	1.4775473
590000	840000	0.7633137
600000	840000	0.83523
610000	840000	0.6810505
620000	840000	0.9552326
630000	840000	0.8441575
640000	840000	2.6591187
650000	840000	1.058398
660000	840000	1.4399017
670000	840000	1.7973411
680000	840000	0.707098
690000	840000	0.8981887
700000	840000	0.8375991
710000	840000	0.7102727
720000	840000	1.0887604
730000	840000	0.9714694
740000	840000	1.129371
750000	840000	1.7888439
760000	840000	1.1591636
770000	840000	1.34428
780000	840000	1.7914482
790000	840000	2.4063914
800000	840000	2.7991967
810000	840000	1.7917778
820000	840000	2.0872297
830000	840000	2.0029104
840000	840000	1.5440242
190000	850000	0.85915023
200000	850000	0.9726365
210000	850000	0.8756402
260000	850000	1.0814781
280000	850000	2.188186
320000	850000	0.93674695
370000	850000	0.8560568
380000	850000	1.4784199
400000	850000	1.6986136
420000	850000	0.64303786
430000	850000	1.5599866
440000	850000	1.1818969
450000	850000	0.5937688
460000	850000	0.55948037
480000	850000	0.49469712
490000	850000	1.0042573
500000	850000	0.52523315
510000	850000	0.52204704
520000	850000	0.37929517
530000	850000	0.98543334
540000	850000	0.91348535
550000	850000	0.8036375
560000	850000	0.36118895
570000	850000	1.4445959
600000	850000	0.95048034
610000	850000	1.5402168
620000	850000	0.7264459
630000	850000	0.31985688
640000	850000	0.3369161
650000	850000	1.2055025
660000	850000	0.5472789
670000	850000	0.8837399
680000	850000	1.080551
690000	850000	1.0338817
700000	850000	1.4506539
710000	850000	0.61503077
720000	850000	1.0143518
730000	850000	1.5128081
740000	850000	0.75804406
750000	850000	0.6046209
760000	850000	1.3883545
770000	850000	2.118545
780000	850000	1.6255379
790000	850000	1.4719768
800000	850000	1.2720708
810000	850000	2.2294457
820000	850000	1.8352112
830000	850000	1.4435986
840000	850000	1.5583031
850000	850000	1.8570611
190000	860000	0.7275539
200000	860000	0.83220124
230000	860000	1.6827164
240000	860000	0.8249719
250000	860000	1.5245365
260000	860000	0.92294294
280000	860000	0.93265474
310000	860000	0.9067902
330000	860000	1.4351699
350000	860000	0.8299175
360000	860000	0.70817316
420000	860000	0.5465902
430000	860000	1.3362526
440000	860000	1.5194503
450000	860000	0.5082891
460000	860000	1.4347018
480000	860000	1.2730408
490000	860000	1.7249757
500000	860000	1.3447336
510000	860000	0.4488569
520000	860000	1.3046796
530000	860000	0.8474103
540000	860000	1.175449
550000	860000	1.0335306
560000	860000	1.5587932
570000	860000	0.9289962
580000	860000	1.0836891
600000	860000	1.0908765
610000	860000	1.6677738
620000	860000	1.2505873
630000	860000	0.55549383
640000	860000	2.3322408
650000	860000	0.78480923
660000	860000	1.1862493
670000	860000	1.0227475
680000	860000	0.70775914
690000	860000	0.9019987
700000	860000	1.2710868
710000	860000	0.36037123
720000	860000	1.782942
730000	860000	0.6705455
740000	860000	0.5054519
750000	860000	0.94607425
760000	860000	1.3638791
770000	860000	0.2971585
780000	860000	1.2273252
790000	860000	1.4854695
800000	860000	1.8961834
810000	860000	1.5297089
820000	860000	1.5011977
830000	860000	2.0741255
840000	860000	1.5360756
850000	860000	1.9498211
860000	860000	1.7920237
210000	870000	1.2897062
250000	870000	0.6612933
270000	870000	0.66966057
280000	870000	0.8047376
300000	870000	1.1381531
320000	870000	1.3817576
370000	870000	0.6333157
380000	870000	0.54904103
440000	870000	0.88188744
450000	870000	0.88553685
460000	870000	0.8321737
470000	870000	1.4291406
480000	870000	0.7376833
490000	870000	1.1279144
500000	870000	1.565068
520000	870000	0.8550935
550000	870000	1.802248
560000	870000	0.54333866
580000	870000	0.3148038
590000	870000	0.6530539
600000	870000	0.9577191
610000	870000	0.875452
620000	870000	2.2021127
630000	870000	0.48597088
640000	870000	0.77187765
650000	870000	0.69020164
660000	870000	0.8372418
670000	870000	0.67593855
680000	870000	0.6243685
690000	870000	1.000795
700000	870000	0.5635475
710000	870000	0.4813966
720000	870000	0.19908659
730000	870000	0.4492193
740000	870000	0.60721606
750000	870000	0.61062074
760000	870000	1.2394533
770000	870000	1.7678227
780000	870000	0.8845639
790000	870000	1.2074769
800000	870000	1.6016679
810000	870000	1.6995327
820000	870000	1.8586844
830000	870000	2.3985965
840000	870000	2.0391948
850000	870000	1.9491335
860000	870000	2.4253926
870000	870000	1.8205132
200000	880000	0.65955406
210000	880000	0.5924205
240000	880000	0.6591411
270000	880000	1.233283
280000	880000	0.7450488
290000	880000	0.52383155
300000	880000	0.5262724
310000	880000	1.4534326
320000	880000	1.9260252
360000	880000	0.5663417
380000	880000	0.50764513
420000	880000	0.8808583
440000	880000	1.2198403
470000	880000	3.31804
490000	880000	1.7440816
500000	880000	1.456425
510000	880000	0.36274564
520000	880000	0.7916801
550000	880000	0.2802225
560000	880000	1.7697947
570000	880000	1.2634037
580000	880000	0.88433844
590000	880000	0.6074753
600000	880000	0.89538395
610000	880000	2.1876943
620000	880000	1.2852466
630000	880000	2.2834883
640000	880000	0.72077954
650000	880000	1.3003875
660000	880000	1.3753836
670000	880000	0.42434973
680000	880000	0.9787916
690000	880000	0.94237465
700000	880000	0.355952
710000	880000	0.911258
720000	880000	1.7032138
730000	880000	0.4283277
740000	880000	1.3026198
750000	880000	1.0570409
760000	880000	0.39847976
770000	880000	1.1871761
780000	880000	1.4814011
790000	880000	1.3780463
800000	880000	1.6034613
810000	880000	1.327996
820000	880000	1.7757558
830000	880000	1.1323795
840000	880000	2.1769686
850000	880000	1.9675378
860000	880000	1.5064287
870000	880000	1.7214051
880000	880000	1.9753056
210000	890000	0.96595097
230000	890000	1.1027151
240000	890000	1.0722793
250000	890000	0.9986324
260000	890000	2.403565
290000	890000	0.858759
300000	890000	0.8582549
310000	890000	1.1900194
330000	890000	0.94474417
380000	890000	0.8280511
390000	890000	0.93318146
410000	890000	1.165022
430000	890000	1.7581284
450000	890000	1.3436786
470000	890000	1.0925711
480000	890000	1.6873524
490000	890000	0.5727627
500000	890000	1.1963252
520000	890000	0.87074083
530000	890000	0.56628805
540000	890000	0.5276668
550000	890000	0.4629052
560000	890000	1.670605
570000	890000	1.66558
580000	890000	1.4565079
590000	890000	1.007245
600000	890000	1.1061126
610000	890000	0.9054137
620000	890000	0.8530632
630000	890000	0.37758517
640000	890000	1.1994169
650000	890000	0.7167286
660000	890000	0.32774934
670000	890000	0.7053555
680000	890000	0.65284103
690000	890000	0.9417261
700000	890000	0.29674894
710000	890000	1.7835674
720000	890000	0.6343285
740000	890000	0.7331003
750000	890000	0.7931409
760000	890000	0.5089375
770000	890000	1.802226
780000	890000	1.4842803
790000	890000	0.7946062
800000	890000	0.7488822
810000	890000	1.267613
820000	890000	1.5299807
830000	890000	2.4915001
840000	890000	1.9726915
850000	890000	2.0340133
860000	890000	2.556636
870000	890000	2.3171554
880000	890000	1.7482297
890000	890000	1.8747787
190000	900000	1.3809735
200000	900000	0.7918676
220000	900000	0.80170614
230000	900000	0.8009621
240000	900000	0.78693396
250000	900000	1.4507589
260000	900000	1.7605972
270000	900000	0.7358817
290000	900000	0.62521386
300000	900000	0.62824064
330000	900000	1.3751997
340000	900000	2.2229376
360000	900000	0.6788922
370000	900000	0.70101476
380000	900000	0.60666764
410000	900000	2.5603135
420000	900000	0.53214115
430000	900000	0.6461708
440000	900000	1.4688205
450000	900000	0.4934998
460000	900000	0.46413139
470000	900000	0.80273086
480000	900000	1.2404349
490000	900000	1.2616589
500000	900000	0.8771165
510000	900000	0.8769151
520000	900000	0.32032666
530000	900000	1.2514663
540000	900000	1.1587679
550000	900000	1.0241512
560000	900000	0.6161166
570000	900000	1.2285265
580000	900000	1.4289436
590000	900000	0.7407293
600000	900000	1.0918794
610000	900000	1.6647379
620000	900000	0.31528383
630000	900000	0.55951244
640000	900000	0.88555676
650000	900000	1.3313509
660000	900000	0.9679103
670000	900000	0.7880348
680000	900000	0.24226552
690000	900000	0.93486863
700000	900000	0.6620492
710000	900000	1.1381527
720000	900000	0.71274954
730000	900000	0.8991796
740000	900000	1.2855948
750000	900000	0.59792596
760000	900000	0.8951842
770000	900000	1.5416604
780000	900000	0.9701655
790000	900000	1.706344
800000	900000	1.1568658
810000	900000	1.1329089
820000	900000	1.9376317
830000	900000	1.6950378
840000	900000	3.046431
850000	900000	2.581908
860000	900000	2.8609204
870000	900000	2.3064406
880000	900000	2.6297073
890000	900000	1.726907
900000	900000	1.5349245
180000	910000	12.198362
190000	910000	0.774351
200000	910000	0.8831724
210000	910000	0.79719704
220000	910000	2.6997073
230000	910000	0.89772916
240000	910000	0.8799647
250000	910000	0.8195471
260000	910000	1.9687836
270000	910000	0.8298327
290000	910000	1.409372
300000	910000	0.7041443
310000	910000	0.9765125
330000	910000	0.77398646
340000	910000	0.8302443
350000	910000	2.7074766
390000	910000	0.7665935
400000	910000	0.7880128
410000	910000	0.9604727
430000	910000	0.7300957
440000	910000	0.5540547
450000	910000	0.5560829
460000	910000	1.5745705
480000	910000	0.46768272
490000	910000	0.47595644
500000	910000	1.4872118
510000	910000	0.989792
520000	910000	1.0852103
530000	910000	0.47250938
540000	910000	0.87608063
550000	910000	0.38471276
560000	910000	1.0492603
570000	910000	1.0462688
580000	910000	0.8113019
590000	910000	1.6781524
600000	910000	1.2361678
610000	910000	1.5179267
620000	910000	1.4279037
630000	910000	0.9550583
640000	910000	0.3366963
650000	910000	0.605309
660000	910000	0.5535811
670000	910000	0.29856288
680000	910000	0.5555793
690000	910000	1.6022652
700000	910000	1.0117998
710000	910000	0.65152144
720000	910000	0.8169079
730000	910000	0.20738925
740000	910000	0.846315
750000	910000	1.7295365
760000	910000	1.1873528
770000	910000	2.5842774
780000	910000	0.9463895
790000	910000	1.0015937
800000	910000	1.1951598
810000	910000	1.6839255
820000	910000	2.4785342
830000	910000	2.7109554
840000	910000	2.9770522
850000	910000	1.4468955
860000	910000	1.8058165
870000	910000	2.4083402
880000	910000	1.5037953
890000	910000	1.7880342
900000	910000	1.3290625
910000	910000	1.8840915
210000	920000	0.75124925
250000	920000	0.7743305
290000	920000	0.66713864
300000	920000	1.341171
350000	920000	1.70883
360000	920000	0.72958994
380000	920000	1.300515
390000	920000	0.7302383
400000	920000	0.75098425
410000	920000	1.8198926
420000	920000	0.57066536
430000	920000	0.69569904
440000	920000	0.528945
450000	920000	0.53170425
480000	920000	0.44354025
490000	920000	0.4548742
500000	920000	1.4221481
510000	920000	0.9453524
520000	920000	0.6899769
530000	920000	1.3525605
540000	920000	0.41922975
550000	920000	0.36863872
560000	920000	0.9990852
570000	920000	1.3382479
580000	920000	0.38920233
610000	920000	0.3630104
620000	920000	0.34377897
630000	920000	0.60911775
640000	920000	0.32373726
650000	920000	0.5833723
660000	920000	1.3291419
670000	920000	0.8656826
680000	920000	1.0671198
690000	920000	0.77616554
700000	920000	0.48840782
710000	920000	1.0516435
730000	920000	0.6025168
740000	920000	0.82464564
750000	920000	0.16835313
760000	920000	0.72548354
770000	920000	0.5848142
780000	920000	0.55679613
790000	920000	1.1321771
800000	920000	1.3548725
810000	920000	1.3439195
820000	920000	1.1718696
830000	920000	2.3637185
840000	920000	3.9011345
850000	920000	3.0410464
860000	920000	2.556991
870000	920000	1.5773727
880000	920000	1.9751558
890000	920000	2.316434
900000	920000	1.4991938
910000	920000	1.6445774
920000	920000	1.5528401
190000	930000	1.7389635
220000	930000	2.0364563
250000	930000	1.8412483
270000	930000	0.93969136
330000	930000	0.876362
360000	930000	1.7343284
390000	930000	2.6148305
400000	930000	1.7962112
420000	930000	1.3574986
440000	930000	0.6327749
450000	930000	1.274545
460000	930000	0.5998554
480000	930000	0.53205377
490000	930000	1.624768
500000	930000	1.1375611
510000	930000	0.5674568
520000	930000	1.2410024
530000	930000	1.0796287
550000	930000	0.88586205
560000	930000	0.80125856
570000	930000	0.7998766
580000	930000	0.9374694
590000	930000	0.9697154
610000	930000	0.43619785
620000	930000	0.41286176
630000	930000	1.1046636
650000	930000	0.35210097
660000	930000	0.9649134
670000	930000	1.0437726
680000	930000	1.2948275
690000	930000	1.2477492
700000	930000	1.4851477
710000	930000	1.2746286
730000	930000	0.4878189
740000	930000	0.75194716
750000	930000	0.41189224
760000	930000	1.0638916
770000	930000	1.1962764
780000	930000	0.9139721
790000	930000	1.0453165
800000	930000	1.2617915
810000	930000	0.8367984
820000	930000	0.5503869
830000	930000	2.1533127
840000	930000	1.4234433
850000	930000	1.7867616
860000	930000	1.3494048
870000	930000	2.029604
880000	930000	1.8296076
890000	930000	1.5874094
900000	930000	1.5281773
910000	930000	1.4054903
920000	930000	1.352954
930000	930000	1.3410647
190000	940000	0.6841748
200000	940000	0.77480316
220000	940000	1.5911034
230000	940000	0.7943576
270000	940000	2.1962118
280000	940000	0.88657135
310000	940000	1.726213
330000	940000	0.6843212
340000	940000	0.73721564
350000	940000	0.79679006
360000	940000	2.0401444
370000	940000	0.7019457
380000	940000	0.61122525
390000	940000	0.6828403
400000	940000	0.7040497
410000	940000	0.85511637
460000	940000	0.47219336
470000	940000	1.622567
480000	940000	0.8353701
490000	940000	0.8533768
500000	940000	0.8895529
520000	940000	0.9784981
530000	940000	0.42511803
540000	940000	0.394913
550000	940000	0.34847888
560000	940000	0.9484563
570000	940000	0.31598946
580000	940000	1.1040354
590000	940000	1.5340664
600000	940000	1.6911973
610000	940000	1.0352446
630000	940000	1.1617491
640000	940000	0.30875084
650000	940000	0.27774435
660000	940000	0.254998
670000	940000	0.5529662
680000	940000	1.2817028
690000	940000	1.4915421
700000	940000	0.23520802
710000	940000	0.8145897
720000	940000	0.25495118
730000	940000	1.3634307
740000	940000	0.19992407
750000	940000	0.6577949
760000	940000	0.42738378
770000	940000	0.96014833
780000	940000	0.736743
790000	940000	1.1269449
800000	940000	1.0201827
810000	940000	0.682444
820000	940000	1.050366
830000	940000	1.3625091
840000	940000	0.58961546
850000	940000	1.798388
860000	940000	1.1455834
870000	940000	1.2310638
880000	940000	1.9763902
890000	940000	1.175693
900000	940000	1.2221644
910000	940000	1.343554
920000	940000	1.6337954
930000	940000	1.5402131
940000	940000	1.7665873
130000	950000	70.40537
190000	950000	0.7632148
200000	950000	1.7524588
210000	950000	1.5620506
220000	950000	3.575589
230000	950000	0.89198834
240000	950000	1.7476721
250000	950000	1.6319344
270000	950000	1.6431491
290000	950000	0.7033464
300000	950000	0.7011221
310000	950000	0.97455764
320000	950000	0.8554621
330000	950000	0.7723028
390000	950000	2.3200505
400000	950000	1.5854405
410000	950000	0.96343166
420000	950000	1.8062513
430000	950000	0.73271626
440000	950000	1.1140355
450000	950000	1.128459
460000	950000	0.53320795
490000	950000	0.4814199
510000	950000	1.0051225
530000	950000	1.4452332
550000	950000	0.39384326
560000	950000	1.4299346
570000	950000	1.075145
580000	950000	0.8357785
590000	950000	1.2982545
620000	950000	1.4818536
640000	950000	0.35000283
650000	950000	0.31697187
660000	950000	0.578182
670000	950000	0.31503445
680000	950000	0.5855326
690000	950000	1.6975427
700000	950000	0.8081837
710000	950000	0.6953003
720000	950000	0.5854261
730000	950000	0.22283745
740000	950000	1.1472585
750000	950000	0.56554943
760000	950000	0.81745434
770000	950000	0.4434746
780000	950000	0.42492533
790000	950000	0.81599146
800000	950000	0.79035586
810000	950000	1.5860145
820000	950000	0.70350724
830000	950000	1.1211226
840000	950000	1.2198387
850000	950000	1.7843523
860000	950000	1.7952518
870000	950000	1.3947623
880000	950000	1.933875
890000	950000	1.374389
900000	950000	1.9359099
910000	950000	1.6995437
920000	950000	1.4836301
930000	950000	1.5815841
940000	950000	1.6103225
950000	950000	1.5901455
220000	960000	1.5713668
240000	960000	0.7715364
270000	960000	0.7260577
280000	960000	0.8759486
290000	960000	0.6192132
310000	960000	2.574013
320000	960000	0.7594991
340000	960000	1.4683573
350000	960000	3.1734538
360000	960000	2.031738
380000	960000	0.6077197
390000	960000	1.3644264
430000	960000	1.95108
440000	960000	0.49463525
450000	960000	0.99617374
460000	960000	0.4724476
470000	960000	0.81494033
480000	960000	0.8420174
490000	960000	1.2867506
500000	960000	0.4467853
510000	960000	0.4474381
520000	960000	0.65287215
530000	960000	0.42900193
540000	960000	1.1948079
550000	960000	0.350503
560000	960000	0.95303273
570000	960000	0.95589584
580000	960000	1.1179926
590000	960000	0.7727721
600000	960000	0.85288745
620000	960000	0.99359185
630000	960000	1.1780295
640000	960000	1.5607287
650000	960000	0.56506383
660000	960000	0.77824205
670000	960000	0.5616545
680000	960000	0.5245947
690000	960000	0.2540719
700000	960000	1.2053896
710000	960000	0.20872349
720000	960000	0.523875
730000	960000	0.8046678
740000	960000	1.032043
750000	960000	1.5310924
760000	960000	0.44209635
770000	960000	0.60026103
780000	960000	1.1574111
790000	960000	0.7401088
800000	960000	0.53997076
810000	960000	1.2680448
820000	960000	1.1248643
830000	960000	1.180849
840000	960000	1.6106583
850000	960000	1.8245349
860000	960000	2.0685396
870000	960000	0.9152464
880000	960000	1.6023115
890000	960000	1.7128506
900000	960000	2.0188599
910000	960000	2.7412019
920000	960000	1.889099
930000	960000	2.4922156
940000	960000	1.7840483
950000	960000	1.5843439
960000	960000	0.943701
190000	970000	0.8272046
200000	970000	0.9485742
230000	970000	0.96575624
250000	970000	0.88202703
270000	970000	0.9021313
290000	970000	3.0473576
300000	970000	0.7655316
330000	970000	0.8433328
340000	970000	0.9029976
350000	970000	2.9447625
360000	970000	0.8332435
380000	970000	0.74783754
390000	970000	2.528883
400000	970000	0.8682607
410000	970000	1.0590276
450000	970000	0.6166901
460000	970000	1.1629975
480000	970000	1.5635734
490000	970000	1.0639602
500000	970000	2.2200043
520000	970000	0.8104344
530000	970000	0.5285734
540000	970000	0.9889976
550000	970000	0.43543974
560000	970000	0.39418554
580000	970000	0.46196288
590000	970000	0.480423
600000	970000	0.35391513
630000	970000	0.73419845
640000	970000	1.5563403
650000	970000	1.7565851
660000	970000	0.96718
670000	970000	0.70270646
680000	970000	0.97800756
690000	970000	1.2695074
700000	970000	1.2073979
710000	970000	0.78128046
720000	970000	0.65779966
730000	970000	0.5019819
740000	970000	0.5196035
750000	970000	1.0668694
760000	970000	0.18541765
770000	970000	1.257294
780000	970000	0.9707835
790000	970000	0.7495234
800000	970000	0.68285114
810000	970000	1.150373
820000	970000	1.4330633
830000	970000	0.94018596
840000	970000	1.4487605
850000	970000	2.137491
860000	970000	1.5080339
870000	970000	1.7256255
880000	970000	1.4488426
890000	970000	2.291147
900000	970000	3.0743344
910000	970000	2.693061
920000	970000	2.0040843
930000	970000	2.1870923
940000	970000	2.02663
950000	970000	1.2997679
960000	970000	1.3428158
970000	970000	1.5590223
180000	980000	4.1143556
220000	980000	0.91434985
230000	980000	0.9190166
280000	980000	2.0586262
300000	980000	0.72291386
320000	980000	0.8874702
330000	980000	0.79456055
360000	980000	1.5825555
380000	980000	1.4200883
390000	980000	1.5923613
410000	980000	1.9995265
420000	980000	0.62743443
430000	980000	0.7610704
440000	980000	0.5803287
450000	980000	1.1715505
460000	980000	0.5526
470000	980000	1.9021908
480000	980000	0.98839414
500000	980000	1.0566869
530000	980000	0.5036111
550000	980000	0.82993996
560000	980000	0.37586966
570000	980000	0.3759931
590000	980000	1.3713068
620000	980000	0.39191285
630000	980000	1.7557902
640000	980000	0.3722478
660000	980000	0.6153865
670000	980000	1.0054443
680000	980000	0.6261176
690000	980000	0.6055256
700000	980000	1.1576288
710000	980000	0.75082755
720000	980000	0.31497663
730000	980000	0.72568065
740000	980000	0.99518484
750000	980000	1.2368214
760000	980000	0.5354944
770000	980000	1.2142065
780000	980000	0.93641984
790000	980000	0.542841
800000	980000	0.44231805
810000	980000	1.5632296
820000	980000	1.5965762
830000	980000	1.4709543
840000	980000	1.2141976
850000	980000	1.8973271
860000	980000	1.491613
870000	980000	2.11275
880000	980000	2.0098252
890000	980000	1.6600062
900000	980000	2.1767914
910000	980000	1.7366542
920000	980000	2.2401574
930000	980000	2.2672927
940000	980000	1.7912081
950000	980000	1.4345775
960000	980000	1.746219
970000	980000	1.607625
980000	980000	1.344877
190000	990000	1.0034546
240000	990000	1.1522757
270000	990000	1.084963
280000	990000	1.3101472
310000	990000	1.2823839
320000	990000	3.397674
330000	990000	2.0490165
340000	990000	2.1898124
370000	990000	2.0984573
380000	990000	1.8164806
400000	990000	1.0534928
420000	990000	0.8023207
430000	990000	0.98242867
450000	990000	0.7522217
490000	990000	1.2984475
540000	990000	1.810558
550000	990000	1.063121
560000	990000	0.4851942
590000	990000	0.5888159
600000	990000	0.43529236
620000	990000	0.50723374
630000	990000	0.90324616
640000	990000	1.4469789
650000	990000	0.8711518
660000	990000	0.7974897
680000	990000	0.4044906
690000	990000	1.1814585
700000	990000	0.37396097
710000	990000	0.97509915
720000	990000	0.82003284
730000	990000	0.31378242
740000	990000	1.6239389
750000	990000	0.5347824
760000	990000	0.7007436
770000	990000	0.6333223
780000	990000	0.9187074
790000	990000	0.7092684
810000	990000	0.5878199
820000	990000	1.836722
830000	990000	1.2139512
840000	990000	0.8041083
850000	990000	3.0712962
860000	990000	1.992697
870000	990000	1.769143
880000	990000	3.1595101
890000	990000	2.4779925
900000	990000	1.6449548
910000	990000	2.415109
920000	990000	2.03502
930000	990000	1.8455215
940000	990000	1.2267791
950000	990000	1.1233186
960000	990000	1.2963169
970000	990000	1.4621139
980000	990000	1.3992699
990000	990000	1.2578039
210000	1000000	2.7408845
220000	1000000	1.0445794
260000	1000000	1.1509223
280000	1000000	1.1727881
290000	1000000	2.4857264
300000	1000000	2.5101144
310000	1000000	2.2979748
320000	1000000	1.0132365
330000	1000000	0.9144488
340000	1000000	0.9874215
350000	1000000	2.12893
360000	1000000	0.9107586
370000	1000000	1.8767749
390000	1000000	0.91607726
400000	1000000	0.9476254
420000	1000000	2.1626382
440000	1000000	0.67239314
490000	1000000	1.7431629
500000	1000000	1.2217216
510000	1000000	0.6125137
530000	1000000	0.58499175
540000	1000000	0.5428262
550000	1000000	0.9596207
570000	1000000	0.8769033
580000	1000000	1.0239555
600000	1000000	0.3921791
610000	1000000	0.9660603
630000	1000000	1.2264596
640000	1000000	0.86772424
650000	1000000	0.3947389
660000	1000000	0.7228356
670000	1000000	0.39271072
680000	1000000	0.36573565
700000	1000000	0.34021872
710000	1000000	0.2937526
720000	1000000	1.1172962
730000	1000000	1.1427436
740000	1000000	0.58934724
750000	1000000	1.4648446
760000	1000000	0.21191736
770000	1000000	0.2898253
780000	1000000	1.117186
790000	1000000	1.0815384
800000	1000000	0.26435998
810000	1000000	1.0755421
820000	1000000	1.2076532
830000	1000000	0.8930468
840000	1000000	2.9705293
850000	1000000	1.8105872
860000	1000000	1.8458985
870000	1000000	2.3142662
880000	1000000	2.1147728
890000	1000000	1.9107406
900000	1000000	1.2774345
910000	1000000	1.7406431
920000	1000000	2.5979376
930000	1000000	2.4865208
940000	1000000	2.048929
950000	1000000	0.7659645
960000	1000000	1.1642324
970000	1000000	1.4377949
980000	1000000	1.8829025
990000	1000000	1.6338656
1000000	1000000	1.3858796
200000	1010000	1.3085281
210000	1010000	0.5893665
220000	1010000	2.0012288
240000	1010000	0.6583558
250000	1010000	0.60981166
260000	1010000	0.7428127
270000	1010000	1.2399496
290000	1010000	1.0619695
300000	1010000	0.53325224
310000	1010000	0.7431758
330000	1010000	0.5856799
360000	1010000	1.7459428
370000	1010000	0.6046892
380000	1010000	0.5231754
390000	1010000	1.7700595
400000	1010000	1.2138634
410000	1010000	0.7400502
430000	1010000	0.5651751
440000	1010000	0.4305174
460000	1010000	0.8206733
470000	1010000	0.7083852
490000	1010000	0.37450385
510000	1010000	0.39390948
520000	1010000	0.2887676
530000	1010000	0.37770236
540000	1010000	1.0530638
550000	1010000	0.9268532
560000	1010000	0.28090292
580000	1010000	0.33091554
590000	1010000	1.0307566
600000	1010000	1.0132959
610000	1010000	0.31155023
620000	1010000	1.4797037
630000	1010000	1.5876813
640000	1010000	1.4058148
650000	1010000	1.0167899
660000	1010000	0.4689604
670000	1010000	1.01929
690000	1010000	0.46074045
700000	1010000	0.22010428
710000	1010000	0.573965
720000	1010000	0.4819276
730000	1010000	0.55732226
740000	1010000	0.7682666
750000	1010000	0.63429666
760000	1010000	1.523712
770000	1010000	0.56472456
780000	1010000	0.91501343
790000	1010000	0.28246328
800000	1010000	1.3852203
810000	1010000	1.5831994
820000	1010000	1.107322
830000	1010000	2.0597742
840000	1010000	2.9333143
850000	1010000	2.7362213
860000	1010000	2.1763473
870000	1010000	2.9598255
880000	1010000	1.9804535
890000	1010000	2.136353
900000	1010000	1.3406845
910000	1010000	1.8726968
920000	1010000	1.9574897
930000	1010000	2.004806
940000	1010000	2.215976
950000	1010000	1.8582264
960000	1010000	2.0007658
970000	1010000	1.7282052
980000	1010000	1.8506631
990000	1010000	1.6643701
1000000	1010000	1.5760322
1010000	1010000	0.8992167
