270000	270000	121.391045
270000	280000	36.585648
280000	280000	137.60464
270000	290000	22.430872
280000	290000	37.013878
290000	290000	112.59523
270000	300000	20.11547
280000	300000	19.560257
290000	300000	42.648674
300000	300000	117.77926
270000	310000	23.78867
280000	310000	19.276724
290000	310000	18.981503
300000	310000	32.098927
310000	310000	149.46896
270000	320000	16.42781
280000	320000	10.982387
290000	320000	18.679058
300000	320000	20.781233
310000	320000	37.273605
320000	320000	151.47083
270000	330000	11.29785
280000	330000	14.124875
290000	330000	13.135856
300000	330000	20.416882
310000	330000	24.788988
320000	330000	25.677906
330000	330000	123.84508
270000	340000	11.980648
280000	340000	11.649965
290000	340000	17.648533
300000	340000	10.259148
310000	340000	19.301744
320000	340000	21.326818
330000	340000	38.762867
340000	340000	167.49869
270000	350000	8.128206
280000	350000	15.807713
290000	350000	16.343899
300000	350000	13.983801
310000	350000	12.484057
320000	350000	16.45856
330000	350000	21.251997
340000	350000	20.049091
350000	350000	134.01744
270000	360000	9.516345
280000	360000	8.4124365
290000	360000	12.425401
300000	360000	8.755059
310000	360000	10.871472
320000	360000	11.261315
330000	360000	14.751832
340000	360000	10.108027
350000	360000	15.84899
360000	360000	144.43916
270000	370000	6.1612597
280000	370000	7.702972
290000	370000	10.956113
300000	370000	7.125955
310000	370000	6.1448293
320000	370000	7.6382146
330000	370000	8.004582
340000	370000	10.28396
350000	370000	9.070227
360000	370000	26.816273
370000	370000	129.86716
270000	380000	9.61649
280000	380000	3.3396652
290000	380000	8.550148
300000	380000	9.036777
310000	380000	14.3862705
320000	380000	4.967384
330000	380000	10.151008
340000	380000	8.917333
350000	380000	13.370316
360000	380000	23.438702
370000	380000	40.879986
380000	380000	119.63524
270000	390000	7.9799414
280000	390000	9.311621
290000	390000	7.640845
300000	390000	8.075721
310000	390000	4.4568505
320000	390000	8.079172
330000	390000	8.164309
340000	390000	8.28774
350000	390000	9.137005
360000	390000	19.449867
370000	390000	28.693174
380000	390000	30.88572
390000	390000	130.06992
270000	400000	8.778833
280000	400000	5.4323344
290000	400000	8.405789
300000	400000	8.076548
310000	400000	7.8002863
320000	400000	11.542856
330000	400000	6.3506675
340000	400000	4.144294
350000	400000	8.224146
360000	400000	12.643706
370000	400000	21.769463
380000	400000	17.761106
390000	400000	29.605146
400000	400000	141.76036
270000	410000	5.404304
280000	410000	4.3792815
290000	410000	8.624426
300000	410000	8.203754
310000	410000	6.288208
320000	410000	6.5136986
330000	410000	10.239193
340000	410000	7.015945
350000	410000	11.3445
360000	410000	14.26983
370000	410000	13.401416
380000	410000	14.816154
390000	410000	19.237616
400000	410000	37.46656
410000	410000	133.7126
270000	420000	7.5395308
280000	420000	5.3319483
290000	420000	4.5940037
300000	420000	9.017302
310000	420000	9.570177
320000	420000	13.8787
330000	420000	5.4541473
340000	420000	10.677738
350000	420000	8.632736
360000	420000	14.199971
370000	420000	13.597295
380000	420000	11.274533
390000	420000	18.491495
400000	420000	16.95227
410000	420000	36.525726
420000	420000	106.54635
270000	430000	5.43737
280000	430000	4.5319633
290000	430000	5.9500756
300000	430000	8.646994
310000	430000	3.253722
320000	430000	4.4938645
330000	430000	6.181104
340000	430000	2.0168204
350000	430000	8.893956
360000	430000	12.306119
370000	430000	7.7048063
380000	430000	11.274055
390000	430000	15.717102
400000	430000	18.338495
410000	430000	25.624897
420000	430000	47.998966
430000	430000	124.94199
270000	440000	6.6043973
280000	440000	4.587219
290000	440000	4.5169663
300000	440000	5.7288575
310000	440000	2.6347144
320000	440000	4.09379
330000	440000	5.362686
340000	440000	1.2248462
350000	440000	7.5620117
360000	440000	9.198396
370000	440000	9.358496
380000	440000	10.955052
390000	440000	9.545239
400000	440000	15.910359
410000	440000	15.562396
420000	440000	13.664303
430000	440000	35.100586
440000	440000	126.64882
270000	450000	6.495454
280000	450000	10.526951
290000	450000	8.292584
300000	450000	7.303796
310000	450000	11.084805
320000	450000	9.394608
330000	450000	4.9226103
340000	450000	7.4955482
350000	450000	10.742726
360000	450000	7.9158297
370000	450000	4.474226
380000	450000	10.475055
390000	450000	12.98064
400000	450000	10.54785
410000	450000	8.241523
420000	450000	10.452479
430000	450000	18.953024
440000	450000	30.694572
450000	450000	110.06132
270000	460000	3.1949358
280000	460000	8.28467
290000	460000	5.098619
300000	460000	4.311044
310000	460000	4.4609823
320000	460000	6.161267
330000	460000	2.421297
340000	460000	5.530282
350000	460000	2.4387934
360000	460000	5.1914396
370000	460000	9.243146
380000	460000	6.182871
390000	460000	3.591462
400000	460000	9.578212
410000	460000	4.053779
420000	460000	7.1978035
430000	460000	13.983709
440000	460000	8.492523
450000	460000	25.98535
460000	460000	135.80324
270000	470000	1.1395454
280000	470000	11.080924
290000	470000	3.2733662
300000	470000	1.1532229
310000	470000	1.5911094
320000	470000	4.944496
330000	470000	6.477074
340000	470000	4.4381227
350000	470000	2.6095512
360000	470000	8.332395
370000	470000	2.8258076
380000	470000	5.513149
390000	470000	3.8429263
400000	470000	6.4055324
410000	470000	5.783485
420000	470000	7.701774
430000	470000	16.209711
440000	470000	12.116195
450000	470000	26.64624
460000	470000	44.44832
470000	470000	188.41263
270000	480000	6.3120737
280000	480000	5.3706203
290000	480000	6.799332
300000	480000	1.5969588
310000	480000	7.711671
320000	480000	2.2823446
330000	480000	2.6907945
340000	480000	5.1215153
350000	480000	10.840953
360000	480000	11.538524
370000	480000	7.8262367
380000	480000	9.161389
390000	480000	7.982404
400000	480000	6.209172
410000	480000	14.015483
420000	480000	6.856234
430000	480000	12.950114
440000	480000	11.535047
450000	480000	11.230176
460000	480000	29.59187
470000	480000	43.062782
480000	480000	122.77265
270000	490000	8.400056
280000	490000	3.1416163
290000	490000	4.9496045
300000	490000	7.193051
310000	490000	1.8044181
320000	490000	6.5419316
330000	490000	6.610869
340000	490000	9.227369
350000	490000	6.658639
360000	490000	7.0870953
370000	490000	9.613931
380000	490000	6.8774834
390000	490000	9.442594
400000	490000	5.084994
410000	490000	9.018399
420000	490000	6.8626614
430000	490000	11.312512
440000	490000	11.164179
450000	490000	21.6785
460000	490000	24.234226
470000	490000	16.595865
480000	490000	30.881529
490000	490000	104.69045
270000	500000	4.9805813
280000	500000	3.4593647
290000	500000	5.4502153
300000	500000	6.4804645
310000	500000	0.99345994
320000	500000	7.2035933
330000	500000	7.279503
340000	500000	1.8473892
350000	500000	8.146783
360000	500000	8.670995
370000	500000	7.9397244
380000	500000	8.950007
390000	500000	5.598726
400000	500000	9.598797
410000	500000	9.930535
420000	500000	5.495827
430000	500000	8.563967
440000	500000	12.293342
450000	500000	16.637432
460000	500000	12.808951
470000	500000	22.842999
480000	500000	11.862187
490000	500000	35.619923
500000	500000	112.675766
270000	510000	4.76348
280000	510000	4.6320014
290000	510000	4.561063
300000	510000	5.624097
310000	510000	2.2170296
320000	510000	1.1482654
330000	510000	5.415039
340000	510000	9.276028
350000	510000	8.1812525
360000	510000	4.837601
370000	510000	6.890521
380000	510000	6.1455555
390000	510000	8.03202
400000	510000	8.032842
410000	510000	9.065956
420000	510000	6.132311
430000	510000	6.949657
440000	510000	9.496427
450000	510000	8.878554
460000	510000	13.101353
470000	510000	11.469824
480000	510000	14.118372
490000	510000	10.839584
500000	510000	27.850475
510000	510000	126.967255
270000	520000	2.1465657
280000	520000	4.8704076
290000	520000	4.1107006
300000	520000	6.51699
310000	520000	2.997178
320000	520000	5.1744246
330000	520000	8.1339245
340000	520000	3.715603
350000	520000	3.2770803
360000	520000	6.9758935
370000	520000	9.758802
380000	520000	7.615767
390000	520000	4.02163
400000	520000	8.044083
410000	520000	3.6314569
420000	520000	8.290205
430000	520000	10.961027
440000	520000	6.656801
450000	520000	5.8195496
460000	520000	3.2202866
470000	520000	5.742937
480000	520000	4.7716184
490000	520000	7.815422
500000	520000	15.060302
510000	520000	20.00532
520000	520000	140.63387
270000	530000	5.6778364
280000	530000	2.4538314
290000	530000	3.0203137
300000	530000	5.1075425
310000	530000	2.6425912
320000	530000	5.4747057
330000	530000	6.454463
340000	530000	0.8190054
350000	530000	5.056413
360000	530000	3.8441234
370000	530000	3.9110315
380000	530000	4.273035
390000	530000	3.5458434
400000	530000	2.8369648
410000	530000	8.004577
420000	530000	3.6547081
430000	530000	4.832131
440000	530000	4.1923256
450000	530000	5.772439
460000	530000	5.678609
470000	530000	5.063508
480000	530000	2.1035516
490000	530000	4.0196357
500000	530000	13.278564
510000	530000	18.344095
520000	530000	34.973206
530000	530000	100.916626
270000	540000	8.306002
280000	540000	4.038372
290000	540000	5.567135
300000	540000	2.5217085
310000	540000	1.1597393
320000	540000	3.6039803
330000	540000	2.8326342
340000	540000	8.626376
350000	540000	3.804137
360000	540000	1.0122294
370000	540000	4.11939
380000	540000	5.6258492
390000	540000	0.9336867
400000	540000	2.8013465
410000	540000	3.1616313
420000	540000	4.0098033
430000	540000	4.544251
440000	540000	4.41567
450000	540000	2.533318
460000	540000	1.2460697
470000	540000	5.3332644
480000	540000	3.6926956
490000	540000	3.0241287
500000	540000	9.989982
510000	540000	11.146944
520000	540000	14.232242
530000	540000	36.169117
540000	540000	135.08536
270000	550000	2.5141778
280000	550000	4.889566
290000	550000	3.6110117
300000	550000	1.2721772
310000	550000	2.6328468
320000	550000	0.90908635
330000	550000	3.5725904
340000	550000	6.527883
350000	550000	2.8787246
360000	550000	2.297969
370000	550000	4.6759315
380000	550000	3.649096
390000	550000	5.652429
400000	550000	2.8265038
410000	550000	4.785036
420000	550000	6.0687194
430000	550000	4.814313
440000	550000	4.1768665
450000	550000	7.6682043
460000	550000	6.600614
470000	550000	2.0179346
480000	550000	3.4929914
490000	550000	7.437511
500000	550000	8.819734
510000	550000	9.1382265
520000	550000	10.136508
530000	550000	22.343224
540000	550000	32.35863
550000	550000	109.634605
270000	560000	6.6150427
280000	560000	1.0720764
290000	560000	3.6948016
300000	560000	5.02083
310000	560000	5.387879
320000	560000	0.7972978
330000	560000	3.1332757
340000	560000	1.4312906
350000	560000	3.7871003
360000	560000	5.3743796
370000	560000	4.784432
380000	560000	3.2003736
390000	560000	5.577031
400000	560000	4.957868
410000	560000	5.5955057
420000	560000	4.257969
430000	560000	5.4286795
440000	560000	5.8611927
450000	560000	3.9230685
460000	560000	5.7889495
470000	560000	1.7697932
480000	560000	4.2888513
490000	560000	5.5194063
500000	560000	4.972621
510000	560000	9.86402
520000	560000	11.112552
530000	560000	17.146255
540000	560000	18.704706
550000	560000	33.189884
560000	560000	104.87654
270000	570000	4.267884
280000	570000	4.1500845
290000	570000	2.043263
300000	570000	4.3191094
310000	570000	3.972736
320000	570000	2.0575976
330000	570000	2.4258268
340000	570000	0.923438
350000	570000	2.4433558
360000	570000	1.7337172
370000	570000	2.6458395
380000	570000	1.3765416
390000	570000	3.9979787
400000	570000	0.79967755
410000	570000	2.7075753
420000	570000	8.928238
430000	570000	3.8916306
440000	570000	3.7815158
450000	570000	4.338994
460000	570000	2.134232
470000	570000	3.4254978
480000	570000	3.1623712
490000	570000	3.2372751
500000	570000	6.416457
510000	570000	6.364054
520000	570000	10.75437
530000	570000	10.746327
540000	570000	14.98081
550000	570000	15.115343
560000	570000	15.466079
570000	570000	105.485756
270000	580000	4.8282437
280000	580000	4.6949778
290000	580000	0.7705124
300000	580000	4.886195
320000	580000	1.163877
330000	580000	1.8295537
340000	580000	1.0446826
350000	580000	1.842774
360000	580000	3.922698
370000	580000	0.99774337
380000	580000	1.5572774
390000	580000	2.7137406
400000	580000	0.9046728
410000	580000	7.147167
420000	580000	1.5539212
430000	580000	5.2831078
440000	580000	1.0695044
450000	580000	2.4543452
460000	580000	3.6216755
470000	580000	5.167007
480000	580000	5.366371
490000	580000	4.3947835
500000	580000	1.6130929
510000	580000	1.7999089
520000	580000	3.2443695
530000	580000	8.5816145
540000	580000	11.298496
550000	580000	9.262468
560000	580000	11.87278
570000	580000	35.478184
580000	580000	119.496895
270000	590000	2.9370866
280000	590000	2.1420143
290000	590000	3.515349
300000	590000	0.74308485
310000	590000	2.050478
320000	590000	2.1240067
330000	590000	3.3388274
340000	590000	1.906484
350000	590000	0.8407385
360000	590000	4.4741826
370000	590000	0.9104114
380000	590000	2.1314545
390000	590000	1.6508055
400000	590000	2.4764616
410000	590000	2.7949624
420000	590000	0.7089536
430000	590000	4.0172334
440000	590000	2.9276733
450000	590000	3.7325294
460000	590000	6.609344
470000	590000	3.536056
480000	590000	4.8966556
490000	590000	1.3367033
500000	590000	4.415699
510000	590000	5.748273
520000	590000	2.9603915
530000	590000	9.788088
540000	590000	9.450416
550000	590000	11.052261
560000	590000	16.535435
570000	590000	18.393635
580000	590000	28.299782
590000	590000	126.8351
270000	600000	3.6411178
280000	600000	4.2487416
290000	600000	1.3945574
300000	600000	3.6848207
310000	600000	1.0167943
320000	600000	1.0532558
330000	600000	4.966989
340000	600000	4.7269516
350000	600000	2.5014403
360000	600000	2.6623976
370000	600000	1.8058249
380000	600000	0.70463264
390000	600000	3.274416
400000	600000	0.8186878
410000	600000	0.92398024
420000	600000	1.4062282
430000	600000	2.3904862
440000	600000	2.9035585
450000	600000	3.7017848
460000	600000	4.3699355
470000	600000	1.1689767
490000	600000	2.6513863
500000	600000	3.6494396
510000	600000	4.072089
520000	600000	6.606016
530000	600000	10.354629
540000	600000	6.816417
550000	600000	8.382113
560000	600000	11.309817
570000	600000	16.053074
580000	600000	19.811773
590000	600000	36.908554
600000	600000	129.98347
270000	610000	2.2843003
280000	610000	0.7404168
290000	610000	2.9163094
300000	610000	1.5411452
310000	610000	2.1263282
320000	610000	2.2025769
330000	610000	1.7311678
340000	610000	1.9770076
350000	610000	1.7436771
360000	610000	1.8558756
370000	610000	0.9440888
380000	610000	4.4206
390000	610000	2.5678067
410000	610000	1.9322348
420000	610000	1.4703578
430000	610000	2.499502
440000	610000	4.047963
450000	610000	0.7741202
470000	610000	4.8891463
480000	610000	1.6925966
490000	610000	4.851525
500000	610000	2.289521
510000	610000	4.2577925
520000	610000	6.907276
530000	610000	2.0300326
540000	610000	16.927273
550000	610000	8.090188
560000	610000	11.23431
570000	610000	16.785156
580000	610000	15.536451
590000	610000	15.751726
600000	610000	34.36836
610000	610000	134.75885
270000	620000	2.8164191
280000	620000	2.0540116
290000	620000	0.6741848
300000	620000	1.4251118
310000	620000	2.9493542
320000	620000	2.0367439
330000	620000	1.6008275
340000	620000	3.6563158
350000	620000	0.8061975
360000	620000	1.716146
370000	620000	3.4920318
380000	620000	4.0877714
390000	620000	2.3744755
400000	620000	1.5831456
410000	620000	1.786756
420000	620000	2.039481
430000	620000	1.5408756
440000	620000	1.8715951
450000	620000	7.1583633
460000	620000	6.337805
470000	620000	3.3907804
480000	620000	1.5651603
490000	620000	6.408931
500000	620000	4.939998
510000	620000	3.9372218
520000	620000	4.967841
530000	620000	3.7543814
540000	620000	3.2953289
550000	620000	8.104497
560000	620000	6.5611415
570000	620000	14.110359
580000	620000	13.568556
590000	620000	13.837483
600000	620000	12.278926
610000	620000	34.740536
620000	620000	113.83391
270000	630000	1.6996534
280000	630000	2.479111
300000	630000	1.7200536
310000	630000	2.3731692
320000	630000	1.2291348
340000	630000	1.1032572
350000	630000	2.9191456
360000	630000	1.0356601
380000	630000	1.6445928
400000	630000	2.8661914
420000	630000	1.6410486
430000	630000	0.92988795
440000	630000	1.1294707
450000	630000	4.319931
460000	630000	3.8247402
470000	630000	2.7283587
480000	630000	4.7227163
490000	630000	5.414728
500000	630000	2.555307
510000	630000	2.8512425
520000	630000	1.7131395
530000	630000	6.797085
540000	630000	10.937662
550000	630000	7.524468
560000	630000	4.619439
570000	630000	12.7729845
580000	630000	15.413375
590000	630000	15.822281
600000	630000	15.691955
610000	630000	19.142164
620000	630000	32.87318
630000	630000	121.06459
270000	640000	1.3813868
290000	640000	1.98403
300000	640000	1.397967
310000	640000	1.9287843
320000	640000	0.99897456
330000	640000	3.1406715
340000	640000	1.7933362
350000	640000	1.5816829
360000	640000	0.84172887
370000	640000	1.7127588
380000	640000	2.673273
390000	640000	2.3292477
400000	640000	1.5529908
410000	640000	6.13453
420000	640000	2.667512
430000	640000	3.0230515
440000	640000	3.671892
450000	640000	2.1066046
460000	640000	2.072362
470000	640000	2.217463
480000	640000	3.8383698
490000	640000	3.772114
500000	640000	2.7690878
510000	640000	6.179564
520000	640000	2.7846951
530000	640000	3.68287
540000	640000	5.656982
550000	640000	7.9501276
560000	640000	5.8998213
570000	640000	7.612876
580000	640000	10.178319
590000	640000	11.430665
600000	640000	15.587704
610000	640000	11.112658
620000	640000	16.44157
630000	640000	28.939642
640000	640000	132.38728
270000	650000	2.3084898
300000	650000	2.3361976
320000	650000	3.3388515
330000	650000	1.7494999
350000	650000	1.7621418
360000	650000	0.93776417
370000	650000	1.9081724
380000	650000	0.74456865
400000	650000	2.595264
410000	650000	2.9290442
420000	650000	2.228892
430000	650000	0.84199005
440000	650000	1.0227072
450000	650000	1.5646354
460000	650000	3.4632056
470000	650000	2.47046
480000	650000	0.85526013
490000	650000	2.1012428
500000	650000	5.398787
510000	650000	3.4423044
520000	650000	4.6536136
530000	650000	5.4707456
540000	650000	4.5017166
550000	650000	7.4945374
560000	650000	5.377867
570000	650000	8.481451
580000	650000	9.595039
590000	650000	5.571485
600000	650000	11.051187
610000	650000	12.380533
620000	650000	11.448398
630000	650000	21.187239
640000	650000	29.198872
650000	650000	126.784584
270000	660000	2.370112
280000	660000	2.3046937
290000	660000	2.2693973
310000	660000	1.1031028
320000	660000	1.1426593
330000	660000	2.694301
340000	660000	3.0769134
350000	660000	2.71377
360000	660000	4.813983
370000	660000	1.9591086
380000	660000	1.5288879
400000	660000	3.5527215
410000	660000	5.012052
420000	660000	0.76279646
430000	660000	0.86446595
440000	660000	3.150021
450000	660000	2.409602
460000	660000	1.1852171
480000	660000	4.390451
490000	660000	4.3146653
500000	660000	2.3755288
510000	660000	4.4177403
520000	660000	5.574142
530000	660000	3.5104876
540000	660000	7.395015
550000	660000	4.1970515
560000	660000	4.907931
570000	660000	7.1246066
580000	660000	10.746728
590000	660000	7.3545537
600000	660000	12.156626
610000	660000	9.321411
620000	660000	12.537598
630000	660000	10.403515
640000	660000	19.216858
650000	660000	29.97311
660000	660000	116.93817
270000	670000	1.6379304
280000	670000	1.5927212
290000	670000	2.352493
300000	670000	1.6575898
310000	670000	1.1434938
320000	670000	2.3689973
340000	670000	3.189577
350000	670000	1.8754245
360000	670000	2.9941504
370000	670000	2.030843
380000	670000	0.7924347
390000	670000	0.9206077
400000	670000	0.92070186
410000	670000	1.0391145
420000	670000	0.7907269
430000	670000	0.89611906
440000	670000	1.0884539
450000	670000	0.8326105
460000	670000	1.2286148
470000	670000	3.9439173
480000	670000	0.9102422
490000	670000	1.4908835
500000	670000	2.4625108
510000	670000	3.6635995
520000	670000	4.9527802
530000	670000	4.3668323
540000	670000	1.9164474
550000	670000	4.35073
560000	670000	5.7235937
570000	670000	5.744262
580000	670000	9.283524
590000	670000	10.16513
600000	670000	12.60175
610000	670000	11.419581
620000	670000	7.310628
630000	670000	13.725661
640000	670000	11.952299
650000	670000	17.75463
660000	670000	34.634274
670000	670000	139.83054
270000	680000	1.9471782
280000	680000	1.2622889
300000	680000	2.6273992
310000	680000	0.90626
320000	680000	0.9387579
330000	680000	0.7378391
340000	680000	1.6852365
380000	680000	0.62803304
390000	680000	1.4592295
400000	680000	1.4593787
410000	680000	0.8235357
420000	680000	1.2533591
430000	680000	1.4204133
440000	680000	4.3131948
450000	680000	1.3197477
460000	680000	3.8948863
470000	680000	1.0418988
480000	680000	2.885599
490000	680000	4.135526
500000	680000	1.3010857
510000	680000	0.72588366
520000	680000	3.2710474
530000	680000	4.037684
540000	680000	3.037707
550000	680000	8.6202755
560000	680000	6.048206
570000	680000	6.503621
580000	680000	8.09328
590000	680000	3.356763
600000	680000	11.318987
610000	680000	11.13899
620000	680000	11.5878725
630000	680000	13.209099
640000	680000	22.102797
650000	680000	21.106773
660000	680000	23.114872
670000	680000	35.193073
680000	680000	116.9081
270000	690000	1.2099352
280000	690000	0.58826965
290000	690000	1.7377809
300000	690000	3.0611439
310000	690000	0.8446961
320000	690000	1.7499726
330000	690000	2.063149
350000	690000	0.6926858
360000	690000	0.73725724
370000	690000	0.7500894
390000	690000	3.4002533
400000	690000	2.0403607
410000	690000	2.302774
420000	690000	3.5046482
430000	690000	2.6478438
440000	690000	3.2161531
450000	690000	1.2300947
460000	690000	1.8151497
470000	690000	1.9422414
480000	690000	2.6895747
490000	690000	3.303936
500000	690000	3.0317512
510000	690000	5.4125843
520000	690000	1.8293034
530000	690000	2.6881404
540000	690000	4.247025
550000	690000	5.892102
560000	690000	7.0466747
570000	690000	6.6679997
580000	690000	4.800401
590000	690000	3.7544782
600000	690000	7.447106
610000	690000	7.7867236
620000	690000	7.800496
630000	690000	6.518001
640000	690000	14.126615
650000	690000	13.115301
660000	690000	13.465397
670000	690000	11.166755
680000	690000	29.868938
690000	690000	88.675186
270000	700000	0.6984856
280000	700000	1.3584129
290000	700000	1.3376088
310000	700000	1.9505442
330000	700000	2.3820777
350000	700000	0.79976356
360000	700000	1.70245
380000	700000	1.351716
400000	700000	2.3557668
410000	700000	3.5449932
430000	700000	1.5285784
450000	700000	0.71012354
460000	700000	2.0957417
480000	700000	0.77633464
490000	700000	2.5431132
500000	700000	2.100246
510000	700000	3.9058
520000	700000	3.5201392
530000	700000	3.1036825
540000	700000	6.53806
550000	700000	4.329133
560000	700000	4.339186
570000	700000	2.79955
580000	700000	5.5424643
590000	700000	3.6123822
600000	700000	6.448729
610000	700000	4.495211
620000	700000	9.699118
630000	700000	5.853226
640000	700000	6.1163836
650000	700000	9.085626
660000	700000	13.214887
670000	700000	9.669713
680000	700000	16.604458
690000	700000	36.905468
700000	700000	118.89688
270000	710000	0.68108463
280000	710000	1.9868572
290000	710000	1.3042858
300000	710000	2.067778
310000	710000	1.9019514
320000	710000	0.9850771
330000	710000	1.5484896
350000	710000	0.77983946
360000	710000	1.6600379
370000	710000	4.222328
380000	710000	0.6590208
390000	710000	2.2968438
400000	710000	0.76569295
410000	710000	1.7283393
420000	710000	3.2880025
440000	710000	3.6208093
450000	710000	4.8470283
470000	710000	3.2799213
480000	710000	2.2709827
490000	710000	0.61993957
500000	710000	3.413206
510000	710000	3.8084972
520000	710000	4.1189327
530000	710000	2.4210896
540000	710000	5.5782833
550000	710000	6.0304055
560000	710000	5.2888584
570000	710000	5.459613
580000	710000	6.9484987
590000	710000	4.2268667
600000	710000	10.480126
610000	710000	5.8442993
620000	710000	6.0798144
630000	710000	5.707408
640000	710000	8.61468
650000	710000	10.335828
660000	710000	7.5798063
670000	710000	7.071613
680000	710000	11.209016
690000	710000	18.573452
700000	710000	31.496756
710000	710000	122.84838
270000	720000	4.0811477
290000	720000	0.6512875
300000	720000	2.7534213
310000	720000	0.94972837
320000	720000	0.983785
330000	720000	0.77322924
340000	720000	0.88303405
350000	720000	1.5576332
360000	720000	3.3157208
370000	720000	1.686716
380000	720000	1.9744691
390000	720000	3.0584416
400000	720000	1.5293772
420000	720000	1.313476
430000	720000	0.7442714
440000	720000	1.8080301
450000	720000	2.074573
460000	720000	2.0408514
470000	720000	2.183746
490000	720000	0.6191264
500000	720000	1.3634917
510000	720000	5.3249025
520000	720000	6.1702952
530000	720000	2.4179142
540000	720000	3.9792619
550000	720000	6.0224957
560000	720000	4.753729
570000	720000	6.8155646
580000	720000	7.7104273
590000	720000	6.3319836
600000	720000	5.582069
610000	720000	4.3774753
620000	720000	7.4211373
630000	720000	4.8856473
640000	720000	5.2943883
650000	720000	11.059575
660000	720000	9.840824
670000	720000	10.201154
680000	720000	12.438126
690000	720000	13.332158
700000	720000	20.747208
710000	720000	26.103668
720000	720000	114.05376
290000	730000	2.2677157
320000	730000	1.1418126
330000	730000	3.589739
340000	730000	2.0497556
350000	730000	0.90391964
360000	730000	0.9620831
370000	730000	1.9576569
380000	730000	0.76387745
390000	730000	1.7748629
400000	730000	2.6625667
410000	730000	1.0016676
420000	730000	1.5244625
430000	730000	3.4553013
450000	730000	1.6052109
460000	730000	3.5530167
470000	730000	2.534526
480000	730000	0.8774395
490000	730000	4.311468
500000	730000	1.5825124
510000	730000	1.7657866
520000	730000	1.5914319
530000	730000	2.806309
540000	730000	6.465843
550000	730000	5.591922
560000	730000	4.904294
570000	730000	5.5372543
580000	730000	8.94897
590000	730000	4.0828357
600000	730000	4.859047
610000	730000	6.7741847
620000	730000	12.528307
630000	730000	11.3408785
640000	730000	6.912942
650000	730000	4.2787
660000	730000	9.664412
670000	730000	11.8397875
680000	730000	6.49624
690000	730000	14.12819
700000	730000	19.419256
710000	730000	23.479988
720000	730000	34.039146
730000	730000	115.00906
270000	740000	0.7137031
280000	740000	1.3880079
290000	740000	0.6833753
300000	740000	0.7222694
310000	740000	0.99651986
320000	740000	1.0322543
340000	740000	0.9265396
350000	740000	1.6343751
360000	740000	3.479081
370000	740000	3.5396352
380000	740000	3.452913
390000	740000	4.0114074
410000	740000	1.811113
430000	740000	0.78094035
440000	740000	1.8971087
450000	740000	1.4511892
460000	740000	2.1414006
480000	740000	3.9662411
490000	740000	2.5985188
500000	740000	2.1460028
510000	740000	0.79817873
520000	740000	0.71936613
530000	740000	3.8055608
540000	740000	7.515564
550000	740000	5.687292
560000	740000	4.433722
570000	740000	5.7210846
580000	740000	3.2361226
590000	740000	11.073249
600000	740000	3.66068
610000	740000	4.593146
620000	740000	6.370989
630000	740000	5.980747
640000	740000	4.8608294
650000	740000	3.868154
660000	740000	7.1485367
670000	740000	5.763556
680000	740000	8.483105
690000	740000	18.854753
700000	740000	13.342527
710000	740000	8.216926
720000	740000	18.463833
730000	740000	37.303585
740000	740000	105.47802
270000	750000	2.8499277
280000	750000	0.69281644
290000	750000	1.364412
300000	750000	1.442067
320000	750000	1.0304881
350000	750000	0.8157893
360000	750000	2.6048458
380000	750000	1.378802
390000	750000	4.0045433
400000	750000	0.8009906
420000	750000	2.7516608
430000	750000	4.6776247
440000	750000	0.94693124
450000	750000	1.4487062
460000	750000	3.2066047
480000	750000	2.3756728
490000	750000	3.2425907
500000	750000	3.5705514
510000	750000	3.187252
520000	750000	7.8994875
530000	750000	4.4322243
540000	750000	1.6672676
550000	750000	2.5233603
560000	750000	6.639203
570000	750000	4.997383
580000	750000	4.845878
590000	750000	1.4739069
600000	750000	5.847066
610000	750000	7.642144
620000	750000	4.2400584
630000	750000	4.2646527
640000	750000	8.318592
650000	750000	6.950763
660000	750000	6.3433824
670000	750000	5.753694
680000	750000	11.074309
690000	750000	10.929189
700000	750000	12.61866
710000	750000	12.304298
720000	750000	12.970835
730000	750000	18.22371
740000	750000	34.38287
750000	750000	120.13413
280000	760000	1.2578241
290000	760000	1.2385604
300000	760000	1.3090528
320000	760000	3.7417493
330000	760000	2.940917
350000	760000	0.740542
360000	760000	0.7881928
370000	760000	1.6038231
380000	760000	0.6258116
390000	760000	2.1811018
410000	760000	1.6412454
420000	760000	1.2489258
430000	760000	1.4153891
440000	760000	1.7191752
450000	760000	3.2876987
460000	760000	3.8811092
470000	760000	1.0382135
480000	760000	2.156544
490000	760000	2.9434986
500000	760000	3.8894506
510000	760000	4.3398967
520000	760000	1.3037908
530000	760000	4.023402
540000	760000	3.7837029
550000	760000	4.5812182
560000	760000	3.013406
570000	760000	6.4806166
580000	760000	4.398901
590000	760000	3.3448894
600000	760000	3.9808056
610000	760000	6.9372435
620000	760000	7.056429
630000	760000	4.6455445
640000	760000	5.6634727
650000	760000	7.711776
660000	760000	7.9176316
670000	760000	8.207542
680000	760000	7.096116
690000	760000	9.921095
700000	760000	11.454733
710000	760000	10.548847
720000	760000	9.295597
730000	760000	16.54278
740000	760000	24.709059
750000	760000	29.859785
760000	760000	103.70823
280000	770000	1.9611778
290000	770000	2.5748565
300000	770000	0.68035096
340000	770000	0.87276596
350000	770000	1.5395207
360000	770000	0.81929123
370000	770000	0.8335512
380000	770000	0.65050316
390000	770000	2.267158
400000	770000	1.5115933
410000	770000	0.85300064
420000	770000	1.9473038
430000	770000	2.9424672
440000	770000	0.89350295
450000	770000	1.3669664
470000	770000	1.0791765
480000	770000	2.2416313
490000	770000	1.2238541
500000	770000	4.04291
510000	770000	2.2555642
520000	770000	4.7433133
530000	770000	2.9872477
540000	770000	0.786598
550000	770000	4.166725
560000	770000	5.220502
570000	770000	2.6945245
580000	770000	3.8103843
590000	770000	7.6490993
600000	770000	5.5171595
610000	770000	7.2109547
620000	770000	8.66845
630000	770000	4.828836
640000	770000	8.503339
650000	770000	8.744778
660000	770000	3.7409203
670000	770000	4.6534767
680000	770000	6.7614207
690000	770000	12.60421
700000	770000	10.583718
710000	770000	11.610059
720000	770000	11.59483
730000	770000	4.485778
740000	770000	12.841981
750000	770000	15.518956
760000	770000	31.850021
770000	770000	120.33003
270000	780000	0.6031728
280000	780000	1.1730487
290000	780000	2.887709
300000	780000	3.6624744
310000	780000	0.84219
320000	780000	1.7447808
330000	780000	2.057028
340000	780000	0.78304756
350000	780000	0.69063073
360000	780000	2.2052097
380000	780000	1.7508987
390000	780000	3.3901653
400000	780000	2.7124097
410000	780000	1.5306282
420000	780000	1.7471254
430000	780000	0.65999705
440000	780000	0.80165285
450000	780000	1.2264453
460000	780000	0.90488225
480000	780000	3.3519943
490000	780000	2.1960893
500000	780000	1.8136541
510000	780000	2.6982632
520000	780000	5.4716287
530000	780000	3.7522314
540000	780000	7.057375
550000	780000	5.3405647
560000	780000	5.620615
570000	780000	3.6263003
580000	780000	4.102422
590000	780000	2.4955597
600000	780000	5.568759
610000	780000	5.175748
620000	780000	2.9912899
630000	780000	6.4986634
640000	780000	3.521176
650000	780000	3.9229171
660000	780000	5.370179
670000	780000	4.870961
680000	780000	6.6178493
690000	780000	5.140239
700000	780000	4.747868
710000	780000	6.9443803
720000	780000	5.779393
730000	780000	10.061625
740000	780000	7.883374
750000	780000	12.712891
760000	780000	20.882397
770000	780000	31.988258
780000	780000	111.21226
270000	790000	1.4725405
280000	790000	0.47729877
290000	790000	0.46998897
300000	790000	0.49673826
310000	790000	0.68535304
320000	790000	2.129788
350000	790000	2.2480714
360000	790000	1.7945442
370000	790000	3.0429647
380000	790000	0.47494575
390000	790000	0.5517662
400000	790000	0.5518227
410000	790000	1.2455866
420000	790000	1.4217666
430000	790000	2.685445
450000	790000	4.9902515
460000	790000	2.2091112
470000	790000	0.787929
480000	790000	1.0911074
490000	790000	1.3403416
500000	790000	2.4598432
510000	790000	1.6468339
520000	790000	4.9474154
530000	790000	2.6172612
540000	790000	2.871557
550000	790000	4.346017
560000	790000	4.573915
570000	790000	6.885648
580000	790000	6.676896
590000	790000	5.077059
600000	790000	5.538764
610000	790000	5.791353
620000	790000	4.381625
630000	790000	5.8760543
640000	790000	6.2084627
650000	790000	4.256495
660000	790000	3.2775874
670000	790000	7.927731
680000	790000	3.590293
690000	790000	8.784293
700000	790000	6.278505
710000	790000	6.5930223
720000	790000	7.524999
730000	790000	10.371336
740000	790000	12.830583
750000	790000	13.793907
760000	790000	15.204772
770000	790000	15.339837
780000	790000	27.942932
790000	790000	94.69033
270000	800000	1.4047539
280000	800000	2.0489712
290000	800000	0.6725304
300000	800000	2.132422
320000	800000	4.063492
340000	800000	3.6473434
360000	800000	2.5679018
370000	800000	1.7417313
380000	800000	2.7184935
400000	800000	1.5792607
410000	800000	1.7823714
420000	800000	1.3563174
430000	800000	2.3056414
440000	800000	2.8005035
450000	800000	0.71407974
460000	800000	2.1074176
480000	800000	0.78065974
490000	800000	1.917961
500000	800000	1.4079645
510000	800000	0.785512
520000	800000	3.5397503
530000	800000	3.7451682
540000	800000	0.82181054
550000	800000	4.9751444
560000	800000	3.2725203
570000	800000	2.8151467
580000	800000	1.5923834
590000	800000	5.8120112
600000	800000	2.161552
610000	800000	3.7668788
620000	800000	6.269884
630000	800000	9.249169
640000	800000	2.7335372
650000	800000	3.806768
660000	800000	6.2534156
670000	800000	5.672091
680000	800000	5.1375275
690000	800000	6.5842223
700000	800000	8.293129
710000	800000	7.412649
720000	800000	3.3649666
730000	800000	7.0298796
740000	800000	11.2984085
750000	800000	10.574134
760000	800000	10.23871
770000	800000	13.968519
780000	800000	17.306906
790000	800000	20.88306
800000	800000	128.56468
270000	810000	1.4149418
280000	810000	0.68794376
300000	810000	1.4319247
310000	810000	0.987818
320000	810000	3.0697215
330000	810000	4.021201
340000	810000	0.91844887
350000	810000	2.430155
360000	810000	0.86217517
370000	810000	2.6315446
380000	810000	0.68455225
400000	810000	0.7953571
410000	810000	0.897649
440000	810000	1.8805426
450000	810000	0.71925855
460000	810000	2.1227014
470000	810000	3.4069908
480000	810000	2.3589642
490000	810000	0.64395696
500000	810000	3.5454392
510000	810000	3.9560444
520000	810000	5.7046757
530000	810000	2.5148866
540000	810000	3.3110828
550000	810000	3.1320164
560000	810000	3.2962542
570000	810000	3.544454
580000	810000	2.405898
590000	810000	6.585933
600000	810000	2.9029713
610000	810000	3.0353582
620000	810000	3.508531
630000	810000	2.540795
640000	810000	7.5717454
650000	810000	3.067501
660000	810000	2.3620381
670000	810000	0.81617534
680000	810000	4.5279384
690000	810000	5.426161
700000	810000	9.745486
710000	810000	4.7513514
720000	810000	5.422993
730000	810000	6.2941008
740000	810000	8.535262
750000	810000	7.1005483
760000	810000	7.734724
770000	810000	10.049875
780000	810000	16.831305
790000	810000	14.186068
800000	810000	37.799152
810000	810000	90.247795
270000	820000	1.6113752
280000	820000	1.0445993
290000	820000	1.0286014
300000	820000	0.54357195
320000	820000	0.7768632
330000	820000	1.2211883
340000	820000	0.6973035
350000	820000	1.2300127
360000	820000	0.6545794
370000	820000	0.66597253
380000	820000	1.0394497
390000	820000	0.60378814
400000	820000	1.2076998
410000	820000	2.7260473
420000	820000	1.5558143
430000	820000	2.9386353
440000	820000	1.427743
450000	820000	1.6382234
460000	820000	1.6115943
480000	820000	1.7909695
490000	820000	0.97780824
500000	820000	0.53835267
510000	820000	1.8021015
520000	820000	4.872483
530000	820000	3.8186975
540000	820000	3.1422944
550000	820000	3.329039
560000	820000	5.005155
570000	820000	3.7674217
580000	820000	1.8266026
590000	820000	3.8890157
600000	820000	4.4079795
610000	820000	6.337376
620000	820000	3.729239
630000	820000	5.1440506
640000	820000	0.5226009
650000	820000	4.657808
660000	820000	3.5866065
670000	820000	6.196555
680000	820000	4.910993
690000	820000	5.035118
700000	820000	7.927451
710000	820000	3.6073143
720000	820000	3.6025827
730000	820000	5.973248
740000	820000	5.4001083
750000	820000	4.3126945
760000	820000	9.297882
770000	820000	9.156063
780000	820000	8.21484
790000	820000	13.37006
800000	820000	16.474674
810000	820000	41.753036
820000	820000	98.7567
270000	830000	1.9234793
280000	830000	1.2469257
290000	830000	0.61391455
310000	830000	0.89523
340000	830000	0.83236283
350000	830000	2.9365027
360000	830000	0.78136367
370000	830000	2.3848906
380000	830000	1.8611679
390000	830000	2.162204
420000	830000	0.6190523
430000	830000	2.1046884
440000	830000	2.5564196
450000	830000	1.3036852
470000	830000	1.029218
480000	830000	0.71261966
490000	830000	0.583599
500000	830000	2.5705006
510000	830000	1.434098
520000	830000	1.9387414
530000	830000	3.9885418
540000	830000	3.0007355
550000	830000	2.838453
560000	830000	3.9830625
570000	830000	0.64244664
580000	830000	3.6339896
590000	830000	3.3159082
600000	830000	3.2885954
610000	830000	1.3754274
620000	830000	7.631225
630000	830000	3.8377447
640000	830000	2.4952898
650000	830000	2.0849886
660000	830000	0.71354824
670000	830000	4.438052
680000	830000	5.2759743
690000	830000	6.556757
700000	830000	4.416022
710000	830000	4.921152
720000	830000	4.914697
730000	830000	4.991136
740000	830000	9.669067
750000	830000	7.722018
760000	830000	7.00975
770000	830000	8.500709
780000	830000	8.716406
790000	830000	8.866489
800000	830000	14.590622
810000	830000	22.364147
820000	830000	26.68172
830000	830000	97.28621
290000	840000	0.67299545
300000	840000	0.7112988
310000	840000	3.9255347
320000	840000	1.0165755
330000	840000	0.79900163
340000	840000	0.91246635
350000	840000	1.6095505
370000	840000	1.7429357
380000	840000	2.0402799
390000	840000	1.580191
400000	840000	1.5803527
420000	840000	0.6786276
430000	840000	2.3072357
440000	840000	1.8682933
450000	840000	0.7145735
460000	840000	1.0544374
470000	840000	1.1282662
480000	840000	1.562399
500000	840000	3.522345
510000	840000	0.78605515
520000	840000	0.7084396
530000	840000	2.4985054
540000	840000	2.4671364
550000	840000	1.2446461
560000	840000	3.2747834
570000	840000	2.11282
580000	840000	10.357649
590000	840000	1.4540076
600000	840000	3.6050777
610000	840000	2.2616901
620000	840000	2.0914066
630000	840000	0.84141505
640000	840000	5.4708548
650000	840000	2.2856402
660000	840000	4.693305
670000	840000	4.865154
680000	840000	1.927905
690000	840000	3.5938776
700000	840000	4.1494317
710000	840000	4.7204022
720000	840000	1.3469174
730000	840000	4.689827
740000	840000	4.239833
750000	840000	10.581446
760000	840000	8.324704
770000	840000	4.659393
780000	840000	7.1664305
790000	840000	6.8038373
800000	840000	5.5633984
810000	840000	9.806556
820000	840000	14.89064
830000	840000	29.201422
840000	840000	125.263016
290000	850000	0.8894537
300000	850000	0.9400767
320000	850000	1.3435407
380000	850000	4.494172
390000	850000	2.0884342
400000	850000	2.0886478
420000	850000	0.8968974
430000	850000	2.0328808
440000	850000	1.2346001
450000	850000	0.94440466
460000	850000	1.3935803
470000	850000	1.4911549
480000	850000	2.0649197
510000	850000	1.0388772
520000	850000	3.7451916
530000	850000	4.127637
540000	850000	1.0868838
560000	850000	2.1640325
570000	850000	4.653958
580000	850000	3.159005
590000	850000	0.96083295
600000	850000	4.7645936
620000	850000	1.842716
630000	850000	3.3361282
640000	850000	1.807617
650000	850000	4.0277066
660000	850000	3.1014156
670000	850000	3.2149765
680000	850000	1.6986566
690000	850000	3.1665273
700000	850000	2.742015
710000	850000	3.5649395
720000	850000	4.4503293
730000	850000	3.0991175
740000	850000	3.7356718
750000	850000	1.8646398
760000	850000	2.5389721
770000	850000	5.278296
780000	850000	7.1035485
790000	850000	8.349884
800000	850000	9.19097
810000	850000	8.331864
820000	850000	13.35427
830000	850000	11.745876
840000	850000	22.993315
850000	850000	162.88368
280000	860000	0.8330668
290000	860000	0.82030845
320000	860000	1.2390951
370000	860000	2.1244495
380000	860000	0.82895994
390000	860000	0.9630407
410000	860000	1.0870098
430000	860000	1.8748467
450000	860000	0.87098753
470000	860000	1.375234
480000	860000	0.95219743
490000	860000	1.5596019
500000	860000	1.7173426
510000	860000	1.9162319
520000	860000	0.863511
530000	860000	1.5227034
540000	860000	5.011953
550000	860000	1.5170885
560000	860000	2.6610703
570000	860000	0.85843277
580000	860000	0.97114235
600000	860000	1.7576795
610000	860000	4.594591
620000	860000	3.39893
630000	860000	2.0511873
640000	860000	1.6670946
650000	860000	0.9286491
660000	860000	1.9068764
670000	860000	1.9766983
680000	860000	5.483116
690000	860000	5.8407288
700000	860000	4.2147555
710000	860000	0.82195115
720000	860000	2.462619
730000	860000	4.7636585
740000	860000	4.30658
750000	860000	3.439369
760000	860000	2.341595
770000	860000	1.6226555
780000	860000	4.3675504
790000	860000	7.108405
800000	860000	5.9335313
810000	860000	4.2689743
820000	860000	6.482169
830000	860000	10.832764
840000	860000	16.116436
850000	860000	20.178976
860000	860000	154.05177
280000	870000	1.2222407
290000	870000	1.2035221
320000	870000	0.9089742
340000	870000	0.8158847
350000	870000	0.7195924
360000	870000	1.5317904
400000	870000	0.70653874
420000	870000	1.2135941
430000	870000	1.3753482
450000	870000	0.6389382
460000	870000	0.94282854
480000	870000	2.7940483
490000	870000	1.7161369
500000	870000	0.62990326
510000	870000	0.70285374
520000	870000	1.2669071
530000	870000	1.1170233
540000	870000	1.4706653
550000	870000	1.1129043
560000	870000	0.48802632
570000	870000	2.518913
580000	870000	4.274458
600000	870000	2.5787935
610000	870000	1.3481983
620000	870000	0.623346
630000	870000	4.514124
640000	870000	3.057364
650000	870000	1.362475
660000	870000	0.6994223
670000	870000	6.5252895
680000	870000	2.8730707
690000	870000	5.8913746
700000	870000	1.8551139
710000	870000	1.2059323
720000	870000	4.817402
730000	870000	1.397808
740000	870000	5.054747
750000	870000	5.0460978
760000	870000	3.4354897
770000	870000	5.9517303
780000	870000	4.8059154
790000	870000	2.6072884
800000	870000	9.94906
810000	870000	5.636934
820000	870000	9.985885
830000	870000	8.514308
840000	870000	7.466955
850000	870000	9.046201
860000	870000	30.338028
870000	870000	99.03626
270000	880000	1.2544523
290000	880000	1.2011461
300000	880000	0.63475454
310000	880000	1.7515501
320000	880000	0.9071797
330000	880000	0.7130195
380000	880000	0.6069071
390000	880000	1.4101436
400000	880000	0.7051439
420000	880000	0.60559916
430000	880000	1.3726331
440000	880000	1.6672425
450000	880000	1.2753537
460000	880000	2.8229017
490000	880000	1.1418326
500000	880000	1.2573195
510000	880000	1.4029324
520000	880000	0.63220304
530000	880000	5.5740905
540000	880000	2.201643
550000	880000	1.6660609
560000	880000	3.8965032
570000	880000	1.2569702
580000	880000	0.71100324
590000	880000	1.9463084
600000	880000	3.2171283
610000	880000	2.6910737
620000	880000	4.976923
630000	880000	2.2526062
640000	880000	2.4410627
650000	880000	4.0793557
660000	880000	4.8862906
670000	880000	2.1708026
680000	880000	2.293919
690000	880000	3.2071333
700000	880000	2.468602
710000	880000	2.407103
720000	880000	3.6059186
730000	880000	2.0925727
740000	880000	4.414172
750000	880000	3.1475852
760000	880000	4.57161
770000	880000	1.1879961
780000	880000	4.7964277
790000	880000	5.2042828
800000	880000	3.7235324
810000	880000	5.000716
820000	880000	8.067853
830000	880000	9.6305
840000	880000	8.073233
850000	880000	10.669859
860000	880000	15.896021
870000	880000	34.982964
880000	880000	95.87468
280000	890000	0.908413
290000	890000	0.8945007
310000	890000	1.3043897
330000	890000	2.1239593
350000	890000	2.139307
360000	890000	1.1384814
380000	890000	2.711804
420000	890000	1.8039731
440000	890000	1.2416054
450000	890000	0.9497634
460000	890000	1.4014878
500000	890000	1.8726665
510000	890000	1.044772
520000	890000	0.9416107
530000	890000	0.83021164
540000	890000	1.0930511
550000	890000	2.4814508
560000	890000	2.1763117
570000	890000	2.8082194
580000	890000	1.0589767
590000	890000	0.96628493
600000	890000	1.9166516
610000	890000	1.0020292
620000	890000	1.8531721
630000	890000	3.3550582
640000	890000	2.7268107
650000	890000	2.0252802
660000	890000	1.0396713
670000	890000	2.1554794
680000	890000	1.7082951
690000	890000	1.5922474
700000	890000	1.8383826
710000	890000	2.688876
720000	890000	4.4755816
730000	890000	1.0389009
740000	890000	2.8176515
750000	890000	5.625661
760000	890000	2.5533788
770000	890000	5.3082466
780000	890000	2.3812854
790000	890000	4.5216036
800000	890000	3.697249
810000	890000	6.5171103
820000	890000	7.775289
830000	890000	9.28127
840000	890000	10.174465
850000	890000	9.779577
860000	890000	15.783814
870000	890000	18.19506
880000	890000	36.318283
890000	890000	157.36111
270000	900000	0.68566865
280000	900000	0.6667433
290000	900000	0.6565321
300000	900000	1.3877969
310000	900000	0.9573763
320000	900000	0.99170715
330000	900000	0.77945584
370000	900000	0.85014933
380000	900000	1.990369
390000	900000	1.5415351
410000	900000	1.739972
430000	900000	0.7502648
440000	900000	0.9112948
450000	900000	2.091279
460000	900000	2.0572858
470000	900000	1.1006657
480000	900000	1.5241784
490000	900000	1.2482241
500000	900000	1.3744715
510000	900000	0.7668261
520000	900000	0.6911092
530000	900000	0.6093462
540000	900000	2.4067833
550000	900000	1.2141986
560000	900000	1.5973365
570000	900000	0.68704486
580000	900000	1.5545034
590000	900000	1.4184386
600000	900000	1.406755
610000	900000	1.4709086
620000	900000	2.7203264
630000	900000	1.6416633
640000	900000	1.3342556
650000	900000	2.229727
660000	900000	0.76308227
670000	900000	1.5820463
680000	900000	3.1345718
690000	900000	2.9216344
700000	900000	2.0239625
710000	900000	3.9470813
720000	900000	1.3139681
730000	900000	3.0500672
740000	900000	2.75741
750000	900000	2.0645187
760000	900000	2.4987874
770000	900000	2.5973778
780000	900000	3.4955597
790000	900000	3.3186982
800000	900000	2.0352383
810000	900000	8.199995
820000	900000	9.338383
830000	900000	6.192842
840000	900000	8.146583
850000	900000	6.2806334
860000	900000	10.757283
870000	900000	14.568585
880000	900000	18.174782
890000	900000	27.97206
900000	900000	127.15671
270000	910000	0.7059163
290000	910000	0.67591935
310000	910000	0.9856474
320000	910000	1.020992
340000	910000	0.91643065
350000	910000	0.80827165
360000	910000	1.7205613
370000	910000	0.87525403
380000	910000	0.683048
390000	910000	0.79352814
410000	910000	0.8956765
440000	910000	0.9382051
460000	910000	2.118037
470000	910000	1.133168
480000	910000	0.7845935
490000	910000	0.64254194
500000	910000	2.1225889
510000	910000	0.78947026
520000	910000	0.7115175
530000	910000	1.2546802
540000	910000	1.6519034
550000	910000	1.8750803
560000	910000	1.096337
570000	910000	2.8293324
580000	910000	1.6004076
590000	910000	0.7301623
610000	910000	3.7858603
620000	910000	1.4003285
630000	910000	0.84507066
660000	910000	1.5712317
670000	910000	4.0719094
680000	910000	2.581708
690000	910000	4.8126554
700000	910000	2.0837295
710000	910000	3.3863647
720000	910000	1.3527691
730000	910000	2.355101
740000	910000	0.70970887
750000	910000	3.5424726
760000	910000	3.21572
770000	910000	2.6740777
780000	910000	2.9989858
790000	910000	5.8571978
800000	910000	4.1906767
810000	910000	2.1105347
820000	910000	7.477667
830000	910000	8.926002
840000	910000	6.290362
850000	910000	13.8559265
860000	910000	7.6672683
870000	910000	6.8744464
880000	910000	9.979455
890000	910000	13.005579
900000	910000	23.864096
910000	910000	108.10271
270000	920000	1.4760385
280000	920000	1.4352977
290000	920000	1.4133162
320000	920000	1.0674237
360000	920000	0.8994036
390000	920000	0.8296154
420000	920000	2.850288
450000	920000	0.75031585
470000	920000	1.1847011
480000	920000	0.8202745
490000	920000	1.3435256
500000	920000	1.479412
510000	920000	1.650746
530000	920000	1.3117392
540000	920000	0.8635135
550000	920000	1.3069023
560000	920000	2.8654876
570000	920000	2.2185016
580000	920000	0.83659464
590000	920000	1.5267358
600000	920000	0.75708014
610000	920000	3.166424
630000	920000	1.7670038
640000	920000	2.1541884
650000	920000	0.7999887
660000	920000	0.82134336
670000	920000	1.702835
680000	920000	2.6991162
690000	920000	3.1447003
700000	920000	5.0831466
710000	920000	2.832293
730000	920000	4.1036735
740000	920000	1.4839686
750000	920000	0.7407147
760000	920000	2.689569
770000	920000	2.096765
780000	920000	1.2541482
790000	920000	4.5926743
800000	920000	6.571884
810000	920000	5.8840413
820000	920000	9.492956
830000	920000	3.9993982
840000	920000	6.5764284
850000	920000	6.760158
860000	920000	6.2346296
870000	920000	13.06741
880000	920000	8.477049
890000	920000	12.625816
900000	920000	8.554068
910000	920000	30.823336
920000	920000	103.580635
270000	930000	0.81826824
290000	930000	1.5669942
310000	930000	1.1425207
340000	930000	1.0622876
350000	930000	0.93691427
380000	930000	1.5835207
390000	930000	0.91982424
410000	930000	1.0382302
420000	930000	1.580108
430000	930000	0.8953565
460000	930000	1.2275693
480000	930000	0.9094676
490000	930000	0.74480736
500000	930000	1.6402768
510000	930000	0.9151205
520000	930000	2.4742827
530000	930000	0.727186
560000	930000	0.6354137
570000	930000	0.8199106
580000	930000	0.92756236
590000	930000	0.84637326
600000	930000	0.8394018
610000	930000	1.7553636
620000	930000	4.058004
630000	930000	3.9182804
650000	930000	0.886976
660000	930000	2.731958
670000	930000	1.8879939
680000	930000	2.9926064
690000	930000	2.0919847
700000	930000	2.4153712
710000	930000	1.5701321
720000	930000	2.3521092
730000	930000	1.8199557
740000	930000	3.290658
750000	930000	1.6425136
760000	930000	1.4910105
770000	930000	0.7749194
780000	930000	4.1715565
790000	930000	4.526277
800000	930000	4.857655
810000	930000	2.4464424
820000	930000	4.333897
830000	930000	5.9123673
840000	930000	7.2915206
850000	930000	7.4952283
860000	930000	7.9000645
870000	930000	9.4173975
880000	930000	12.290747
890000	930000	12.921871
900000	930000	12.6456
910000	930000	15.460088
920000	930000	29.774254
930000	930000	125.444756
300000	940000	1.4865118
330000	940000	0.83489907
340000	940000	0.95346147
360000	940000	0.89504254
380000	940000	0.7106484
390000	940000	2.4767785
420000	940000	1.4182338
440000	940000	0.9761158
490000	940000	1.3370111
500000	940000	1.4722385
510000	940000	1.6427418
520000	940000	0.7402683
530000	940000	3.2634473
550000	940000	0.6502827
560000	940000	1.1406374
590000	940000	3.038666
600000	940000	1.5068184
610000	940000	2.363303
620000	940000	1.4569126
640000	940000	1.4291621
650000	940000	0.7961097
660000	940000	1.6347216
670000	940000	3.3891566
690000	940000	3.7553427
700000	940000	2.1679282
710000	940000	0.70464
720000	940000	0.70371574
730000	940000	0.8167551
740000	940000	0.7383866
750000	940000	0.73712313
760000	940000	2.6765277
770000	940000	2.0865984
780000	940000	4.368235
790000	940000	3.5547595
800000	940000	2.9066749
810000	940000	2.9277554
820000	940000	1.1114031
830000	940000	9.28668
840000	940000	2.9086847
850000	940000	6.7273793
860000	940000	5.3180566
870000	940000	8.452632
880000	940000	9.733783
890000	940000	4.832537
900000	940000	9.221973
910000	940000	13.145948
920000	940000	10.689611
930000	940000	33.862724
940000	940000	117.01558
280000	950000	0.67637014
300000	950000	0.70391744
320000	950000	2.0120523
360000	950000	0.84767044
380000	950000	0.6730358
410000	950000	0.8825475
450000	950000	0.70715815
460000	950000	1.0434952
480000	950000	0.7730928
500000	950000	1.3943172
510000	950000	0.7778981
520000	950000	0.70108795
540000	950000	1.6276895
550000	950000	2.4634602
560000	950000	1.0802666
570000	950000	0.69696486
580000	950000	0.78847426
590000	950000	1.438919
600000	950000	0.7135334
610000	950000	0.7460733
620000	950000	2.0697033
630000	950000	1.6653669
640000	950000	4.0605617
660000	950000	0.7741002
670000	950000	1.604889
680000	950000	2.5438647
690000	950000	0.5927638
700000	950000	0.6843953
710000	950000	4.004072
730000	950000	3.8676329
740000	950000	2.7972233
750000	950000	3.4905462
760000	950000	1.90115
770000	950000	3.2936008
780000	950000	1.1820104
790000	950000	2.885671
800000	950000	1.3764163
810000	950000	4.159196
820000	950000	4.7366085
830000	950000	1.8846776
840000	950000	6.1981564
850000	950000	0.91018826
860000	950000	4.1971555
870000	950000	11.084203
880000	950000	12.291468
890000	950000	6.40747
900000	950000	2.0155108
910000	950000	11.066817
920000	950000	12.293235
930000	950000	18.440517
940000	950000	20.149504
950000	950000	109.727516
280000	960000	0.67954624
290000	960000	1.3382779
300000	960000	1.4144456
320000	960000	1.0107502
330000	960000	0.7944231
340000	960000	0.90723765
350000	960000	1.6003273
370000	960000	0.8664741
380000	960000	0.67619616
390000	960000	1.5711361
400000	960000	0.7856484
410000	960000	0.88669163
430000	960000	0.76467156
450000	960000	0.7104788
470000	960000	1.1218009
500000	960000	0.7004322
520000	960000	0.70438004
530000	960000	0.621047
540000	960000	2.452999
550000	960000	1.2375139
560000	960000	1.0853393
570000	960000	2.1007128
580000	960000	0.79217666
590000	960000	0.72283787
600000	960000	1.4337678
610000	960000	2.9983065
620000	960000	2.0794222
640000	960000	1.3598763
650000	960000	1.5150285
660000	960000	1.5554702
670000	960000	0.80621254
680000	960000	1.9168575
690000	960000	1.1910945
700000	960000	3.438045
710000	960000	2.681916
720000	960000	2.6783981
730000	960000	3.1086352
740000	960000	2.1077688
750000	960000	2.1041622
760000	960000	0.6366924
770000	960000	1.9854399
780000	960000	4.1564627
790000	960000	3.3824246
800000	960000	3.4571989
810000	960000	2.0893633
820000	960000	4.75885
830000	960000	3.1558793
840000	960000	4.8434253
850000	960000	6.4012356
860000	960000	4.216864
870000	960000	8.042848
880000	960000	6.1745925
890000	960000	6.4375577
900000	960000	3.3749583
910000	960000	3.47462
920000	960000	12.35096
930000	960000	9.666318
940000	960000	18.075108
950000	960000	32.18267
960000	960000	90.12184
270000	970000	0.71888006
290000	970000	1.3766644
300000	970000	0.7275085
310000	970000	1.0037483
320000	970000	1.039742
330000	970000	2.4516299
350000	970000	3.2924604
360000	970000	0.8760792
370000	970000	0.89132756
420000	970000	0.69409275
430000	970000	0.786605
440000	970000	1.9108695
450000	970000	0.7308578
480000	970000	2.3970065
510000	970000	0.8039684
520000	970000	1.4491682
530000	970000	1.2777216
560000	970000	1.6747059
580000	970000	1.6297982
590000	970000	0.74357134
600000	970000	0.73744667
620000	970000	0.7130224
630000	970000	1.7211797
640000	970000	2.7977645
650000	970000	3.1169696
660000	970000	2.4001298
680000	970000	3.2863994
690000	970000	1.2252592
700000	970000	1.4146641
710000	970000	1.3794214
720000	970000	2.755224
730000	970000	3.1978018
740000	970000	0.7227423
750000	970000	2.164517
760000	970000	1.3099099
770000	970000	3.4039822
780000	970000	3.0540605
790000	970000	0.4970635
810000	970000	1.4328623
820000	970000	2.1757114
830000	970000	5.1942415
840000	970000	9.252938
850000	970000	9.406922
860000	970000	4.3378186
870000	970000	3.1821327
880000	970000	5.7165313
890000	970000	3.7841196
900000	970000	5.5548224
910000	970000	13.58228
920000	970000	11.957862
930000	970000	15.744004
940000	970000	12.643623
950000	970000	11.974432
960000	970000	35.384296
970000	970000	106.28578
270000	980000	0.791057
280000	980000	0.76922274
300000	980000	1.6011034
310000	980000	1.1045265
330000	980000	0.8992594
390000	980000	0.88923573
420000	980000	0.76378095
430000	980000	0.86558163
440000	980000	2.1027246
450000	980000	0.8042373
480000	980000	0.87922347
490000	980000	0.720039
500000	980000	0.7928649
510000	980000	0.8846884
520000	980000	2.3920012
530000	980000	1.4060074
550000	980000	0.7004114
560000	980000	0.6142832
570000	980000	0.7926447
580000	980000	1.793433
590000	980000	3.2729094
600000	980000	1.6229753
610000	980000	0.84849477
620000	980000	0.7846112
630000	980000	0.9469947
640000	980000	1.5393327
650000	980000	0.8574798
670000	980000	0.9126046
680000	980000	0.723272
700000	980000	1.556699
710000	980000	1.5179179
720000	980000	0.7579634
740000	980000	1.590614
750000	980000	1.5878923
760000	980000	0.7207137
770000	980000	2.9965987
780000	980000	0.67213875
790000	980000	3.2818177
800000	980000	3.913429
810000	980000	5.5185356
820000	980000	1.1970785
830000	980000	5.001284
840000	980000	2.3496811
850000	980000	5.1756973
860000	980000	6.682681
870000	980000	2.8012998
880000	980000	5.5915394
890000	980000	7.2870917
900000	980000	6.876604
910000	980000	7.866298
920000	980000	9.868841
930000	980000	2.735484
940000	980000	9.002573
950000	980000	10.85139
960000	980000	15.574779
970000	980000	18.424746
980000	980000	117.24022
290000	990000	0.8975863
310000	990000	1.3088893
340000	990000	1.216973
350000	990000	1.0733434
400000	990000	1.0538726
430000	990000	1.0257342
450000	990000	0.9530397
460000	990000	1.4063222
470000	990000	1.5047891
490000	990000	0.8532628
540000	990000	1.0968215
550000	990000	0.8300036
580000	990000	1.0626297
600000	990000	0.9616316
610000	990000	1.0054858
630000	990000	1.1222105
660000	990000	2.0865154
680000	990000	0.857094
700000	990000	1.8447242
720000	990000	0.8982041
730000	990000	1.0424846
740000	990000	0.9424571
750000	990000	1.8816888
780000	990000	0.7964999
790000	990000	1.9445146
800000	990000	2.7825022
810000	990000	1.8684547
820000	990000	8.511394
830000	990000	4.2333117
850000	990000	2.4533281
860000	990000	1.1313044
870000	990000	6.6392093
880000	990000	7.4543657
890000	990000	6.1681223
900000	990000	6.33806
910000	990000	6.525221
920000	990000	9.745669
930000	990000	7.56376
940000	990000	10.668256
950000	990000	7.3480835
960000	990000	15.688
970000	990000	18.036573
980000	990000	29.248917
990000	990000	133.69102
280000	1000000	2.0020173
320000	1000000	0.9925934
330000	1000000	0.78015244
350000	1000000	0.7857898
380000	1000000	0.6640492
410000	1000000	0.8707635
490000	1000000	1.2493396
500000	1000000	0.68784994
520000	1000000	1.3834537
530000	1000000	1.2197816
550000	1000000	1.2152838
560000	1000000	1.0658426
570000	1000000	2.0629766
590000	1000000	1.4197061
600000	1000000	2.8160243
610000	1000000	1.4722232
620000	1000000	1.3613788
630000	1000000	0.8215652
640000	1000000	4.006344
660000	1000000	1.5275284
670000	1000000	0.79173005
680000	1000000	0.6274746
690000	1000000	0.58484906
700000	1000000	0.6752571
710000	1000000	0.65843475
720000	1000000	2.6302845
730000	1000000	0.76319826
740000	1000000	2.0699055
750000	1000000	1.3775759
760000	1000000	1.8757653
770000	1000000	4.5494733
780000	1000000	1.7493418
790000	1000000	2.3726172
810000	1000000	4.7876053
820000	1000000	2.0770507
830000	1000000	4.958701
840000	1000000	4.75642
850000	1000000	1.7960705
860000	1000000	4.141114
870000	1000000	6.6832356
880000	1000000	6.670042
890000	1000000	3.6125236
900000	1000000	3.9771984
910000	1000000	8.189288
920000	1000000	3.5673802
930000	1000000	6.3284507
940000	1000000	8.520198
950000	1000000	10.08656
960000	1000000	10.809518
970000	1000000	11.119573
980000	1000000	21.412998
990000	1000000	19.937418
1000000	1000000	106.153404
270000	1010000	0.63669497
280000	1010000	1.2382426
290000	1010000	1.2192789
330000	1010000	0.7237834
340000	1010000	0.8265665
370000	1010000	0.78942764
380000	1010000	0.61606914
390000	1010000	0.7157157
400000	1010000	0.71578896
420000	1010000	0.61474144
430000	1010000	0.6966773
450000	1010000	1.2946067
460000	1010000	0.9551723
480000	1010000	2.1229715
540000	1010000	2.2348795
550000	1010000	1.1274748
560000	1010000	0.9888314
570000	1010000	1.9139185
580000	1010000	2.886947
590000	1010000	1.9756904
600000	1010000	1.3062779
610000	1010000	0.6829246
620000	1010000	0.631507
630000	1010000	3.048816
640000	1010000	1.8584352
650000	1010000	2.7606258
660000	1010000	3.5428965
680000	1010000	0.5821371
690000	1010000	0.54259145
700000	1010000	3.1323357
710000	1010000	1.8325809
720000	1010000	0.6100591
740000	1010000	1.2802314
750000	1010000	1.9170611
760000	1010000	3.480468
770000	1010000	4.8237214
780000	1010000	2.7049086
790000	1010000	2.2011864
800000	1010000	2.5198293
810000	1010000	2.538104
820000	1010000	1.4452319
830000	1010000	1.725156
840000	1010000	5.0431433
850000	1010000	3.3325949
860000	1010000	2.3051417
870000	1010000	3.382007
880000	1010000	3.3753304
890000	1010000	1.6757524
900000	1010000	5.5347457
910000	1010000	6.331317
920000	1010000	4.6334724
930000	1010000	8.072894
940000	1010000	9.880726
950000	1010000	9.981618
960000	1010000	11.28205
970000	1010000	14.8294525
980000	1010000	5.6759505
990000	1010000	17.656096
1000000	1010000	23.38981
1010000	1010000	104.50169
390000	1020000	1.2749668
420000	1020000	1.0950925
440000	1020000	1.5074203
450000	1020000	1.1530979
460000	1020000	1.7015318
480000	1020000	1.2606115
490000	1020000	1.0323763
500000	1020000	1.1367924
530000	1020000	2.0159028
610000	1020000	1.2165532
620000	1020000	1.1249585
630000	1020000	2.715561
640000	1020000	1.1035309
650000	1020000	2.4588718
660000	1020000	2.5245082
680000	1020000	2.0740232
690000	1020000	2.8996966
700000	1020000	1.1159806
710000	1020000	2.1763575
720000	1020000	1.0867515
750000	1020000	1.1383427
760000	1020000	2.066687
770000	1020000	3.2223434
780000	1020000	1.9273958
790000	1020000	1.5684662
800000	1020000	3.3665936
820000	1020000	5.149035
830000	1020000	1.0243903
840000	1020000	2.2459476
850000	1020000	7.420802
860000	1020000	5.475133
870000	1020000	3.012332
880000	1020000	3.0063853
890000	1020000	5.970328
900000	1020000	2.1910055
910000	1020000	3.383558
920000	1020000	5.8957205
930000	1020000	1.3073591
940000	1020000	4.6937065
950000	1020000	4.445282
960000	1020000	5.5826945
970000	1020000	6.891391
980000	1020000	8.847182
990000	1020000	4.493192
1000000	1020000	13.157782
1010000	1020000	16.276108
1020000	1020000	184.83708
270000	1030000	1.3806809
280000	1030000	0.4475241
290000	1030000	0.44067028
300000	1030000	0.9315018
330000	1030000	1.0463556
340000	1030000	1.1949465
350000	1030000	0.5269583
360000	1030000	1.1217318
370000	1030000	0.57062787
380000	1030000	1.7812715
420000	1030000	0.88871634
450000	1030000	0.46789515
460000	1030000	1.3808688
480000	1030000	1.5345634
490000	1030000	0.41890964
510000	1030000	0.5147006
520000	1030000	0.46387872
530000	1030000	0.8179974
540000	1030000	1.6154548
550000	1030000	2.0374527
560000	1030000	2.1442933
570000	1030000	0.9223014
580000	1030000	1.5650951
590000	1030000	0.47603437
600000	1030000	0.47211334
610000	1030000	1.4809307
620000	1030000	0.45647693
630000	1030000	1.6528488
640000	1030000	0.89556444
650000	1030000	3.9909678
660000	1030000	1.0243754
670000	1030000	2.6547093
680000	1030000	1.6831622
690000	1030000	1.9610274
700000	1030000	0.45283395
710000	1030000	1.3246583
720000	1030000	1.3229208
730000	1030000	2.5590408
740000	1030000	1.8507984
750000	1030000	1.3857236
760000	1030000	3.354417
770000	1030000	1.3075376
780000	1030000	2.3462512
790000	1030000	5.7279606
800000	1030000	2.7321405
810000	1030000	1.3759776
820000	1030000	1.3928905
830000	1030000	4.1566916
840000	1030000	5.4680595
850000	1030000	6.624542
860000	1030000	4.443314
870000	1030000	5.2967234
880000	1030000	5.6929026
890000	1030000	1.816945
900000	1030000	2.6671479
910000	1030000	6.86477
920000	1030000	6.6984954
930000	1030000	5.8353906
940000	1030000	5.2375836
950000	1030000	5.411316
960000	1030000	10.420391
970000	1030000	9.787173
980000	1030000	8.718429
990000	1030000	6.685113
1000000	1030000	11.123048
1010000	1030000	13.208786
1020000	1030000	27.20652
1030000	1030000	84.140045
280000	1040000	0.5928707
290000	1040000	1.7513728
300000	1040000	1.2340344
330000	1040000	0.6930952
350000	1040000	0.6981035
360000	1040000	0.7430236
370000	1040000	1.5119122
400000	1040000	2.056319
420000	1040000	1.1773531
450000	1040000	1.2397157
460000	1040000	0.91467327
480000	1040000	0.6776527
490000	1040000	0.5549629
500000	1040000	2.444371
510000	1040000	1.3637295
530000	1040000	0.54183304
540000	1040000	2.1401212
550000	1040000	3.2390106
560000	1040000	0.94690526
580000	1040000	0.6911353
590000	1040000	3.1532028
600000	1040000	1.250892
610000	1040000	1.3079376
620000	1040000	0.60473126
630000	1040000	1.4597734
640000	1040000	1.1864253
650000	1040000	1.321788
660000	1040000	2.7141428
670000	1040000	0.7033809
680000	1040000	1.672364
690000	1040000	2.078343
700000	1040000	2.3996205
710000	1040000	2.9248002
720000	1040000	1.1683855
730000	1040000	2.7121317
740000	1040000	1.2259499
750000	1040000	1.2238522
760000	1040000	0.55548286
770000	1040000	1.7321988
780000	1040000	2.5902212
790000	1040000	2.9509995
800000	1040000	4.222731
810000	1040000	1.8228668
820000	1040000	3.229227
830000	1040000	3.8546896
840000	1040000	8.451302
850000	1040000	4.7869406
860000	1040000	2.2074041
870000	1040000	5.3976846
880000	1040000	5.3870287
890000	1040000	6.4188037
900000	1040000	5.888971
910000	1040000	3.0314355
920000	1040000	6.338592
930000	1040000	4.216694
940000	1040000	6.3078575
950000	1040000	5.974
960000	1040000	5.401847
970000	1040000	6.174212
980000	1040000	10.870584
990000	1040000	8.8563
1000000	1040000	8.841351
1010000	1040000	9.843035
1020000	1040000	17.534256
1030000	1040000	28.064386
1040000	1040000	84.83124
270000	1050000	0.52584016
280000	1050000	0.51132625
290000	1050000	0.5034953
350000	1050000	0.6020851
360000	1050000	0.6408268
380000	1050000	1.0176109
400000	1050000	0.5911631
410000	1050000	2.6687734
420000	1050000	0.50770897
430000	1050000	1.726137
440000	1050000	1.3977463
450000	1050000	0.5346015
460000	1050000	0.7888675
480000	1050000	0.58444715
490000	1050000	1.4358969
510000	1050000	0.58807987
530000	1050000	1.8692335
540000	1050000	1.2305101
550000	1050000	0.9311704
560000	1050000	3.266665
570000	1050000	1.5806866
580000	1050000	1.1921506
590000	1050000	1.0878023
600000	1050000	1.6182632
610000	1050000	2.2560833
620000	1050000	2.607777
640000	1050000	1.5348635
650000	1050000	2.279974
660000	1050000	2.3408349
670000	1050000	0.60663664
690000	1050000	0.896242
700000	1050000	1.0347862
710000	1050000	1.5135107
720000	1050000	1.5115255
730000	1050000	1.7543252
740000	1050000	3.1719916
750000	1050000	0.5277607
760000	1050000	2.8744845
770000	1050000	3.4858813
780000	1050000	3.1275406
790000	1050000	2.1815262
800000	1050000	1.0405512
810000	1050000	2.6202443
820000	1050000	2.7850735
830000	1050000	4.274369
840000	1050000	2.6031766
850000	1050000	6.8808937
860000	1050000	7.6151757
870000	1050000	5.1208053
880000	1050000	5.1106963
890000	1050000	4.1519628
900000	1050000	6.09479
910000	1050000	6.7976646
920000	1050000	3.8267395
930000	1050000	3.6367223
940000	1050000	7.6163692
950000	1050000	6.1827908
960000	1050000	7.764779
970000	1050000	7.9875
980000	1050000	5.2736764
990000	1050000	11.110093
1000000	1050000	8.133649
1010000	1050000	8.960829
1020000	1050000	5.0408545
1030000	1050000	12.61354
1040000	1050000	26.64593
1050000	1050000	74.39612
280000	1060000	0.8446808
360000	1060000	2.117216
400000	1060000	0.97656655
410000	1060000	1.102164
440000	1060000	1.1544973
460000	1060000	1.3031626
490000	1060000	1.5813447
510000	1060000	0.9714733
530000	1060000	1.5439317
540000	1060000	1.016365
550000	1060000	1.5382386
560000	1060000	1.3490845
570000	1060000	1.7408007
580000	1060000	0.98468125
600000	1060000	4.455459
630000	1060000	1.0398916
640000	1060000	2.5355039
670000	1060000	3.006384
690000	1060000	0.7402695
700000	1060000	1.7094058
710000	1060000	2.5002306
720000	1060000	2.496951
740000	1060000	0.87332386
750000	1060000	1.743659
760000	1060000	2.3742394
770000	1060000	1.6452773
780000	1060000	2.2142198
790000	1060000	2.4025016
800000	1060000	0.8594646
810000	1060000	1.7313956
820000	1060000	3.9435232
840000	1060000	4.3002944
850000	1060000	2.2733662
860000	1060000	3.1449554
870000	1060000	3.0760977
880000	1060000	1.5350125
890000	1060000	2.2862659
900000	1060000	6.7121553
910000	1060000	2.5913866
920000	1060000	4.5153913
930000	1060000	2.0025504
940000	1060000	3.5947978
950000	1060000	11.064739
960000	1060000	4.2756524
970000	1060000	5.2779517
980000	1060000	1.935956
990000	1060000	8.029533
1000000	1060000	5.8783846
1010000	1060000	10.128205
1020000	1060000	8.327194
1030000	1060000	12.9526205
1040000	1060000	17.905424
1050000	1060000	18.659906
1060000	1060000	114.79679
270000	1070000	0.8204917
300000	1070000	0.8303397
320000	1070000	1.1867065
330000	1070000	0.93272024
340000	1070000	1.0651741
350000	1070000	0.9394601
390000	1070000	0.92232364
400000	1070000	0.922418
450000	1070000	0.8341625
460000	1070000	1.2309049
480000	1070000	3.6477554
490000	1070000	2.2404935
500000	1070000	0.82236695
520000	1070000	1.654004
530000	1070000	0.729162
540000	1070000	0.96000975
550000	1070000	1.4529465
560000	1070000	1.2742805
570000	1070000	1.644277
590000	1070000	0.84867305
600000	1070000	2.5250478
610000	1070000	0.8800667
620000	1070000	1.6276122
640000	1070000	1.5966103
660000	1070000	0.9131271
670000	1070000	1.8931241
680000	1070000	0.75018454
690000	1070000	0.6992231
700000	1070000	0.8073114
710000	1070000	1.5743986
720000	1070000	2.3585002
730000	1070000	2.7373514
740000	1070000	0.82489985
760000	1070000	2.2425928
770000	1070000	1.5540501
780000	1070000	2.7885945
790000	1070000	1.134644
800000	1070000	0.81180906
810000	1070000	4.90618
820000	1070000	4.3456736
830000	1070000	1.4821081
840000	1070000	3.2494817
850000	1070000	4.2946253
860000	1070000	4.950957
870000	1070000	3.631918
880000	1070000	3.6247482
890000	1070000	1.0797485
900000	1070000	7.132478
910000	1070000	2.4476995
920000	1070000	2.5590136
930000	1070000	1.891513
940000	1070000	2.5466053
950000	1070000	6.431522
960000	1070000	6.4617224
970000	1070000	5.8161836
980000	1070000	2.7429168
990000	1070000	10.834732
1000000	1070000	7.138852
1010000	1070000	7.3589363
1020000	1070000	2.621823
1030000	1070000	9.042836
1040000	1070000	12.684455
1050000	1070000	14.586417
1060000	1070000	26.103891
1070000	1070000	110.954185
270000	1080000	0.65646404
290000	1080000	0.6285685
300000	1080000	0.6643433
350000	1080000	0.75164896
360000	1080000	0.8000145
380000	1080000	0.63519776
390000	1080000	0.73793834
400000	1080000	0.73801386
410000	1080000	0.83293074
420000	1080000	0.6338288
430000	1080000	0.7183088
480000	1080000	1.4592592
510000	1080000	0.7341647
520000	1080000	0.66167283
530000	1080000	1.1667848
540000	1080000	2.3042715
550000	1080000	1.7437235
560000	1080000	2.0390682
570000	1080000	1.3155632
580000	1080000	1.4882926
590000	1080000	0.6790115
600000	1080000	1.3468372
610000	1080000	3.5206456
620000	1080000	1.953345
630000	1080000	0.78587
640000	1080000	0.6387129
650000	1080000	2.1347566
680000	1080000	1.2004244
690000	1080000	0.5594387
700000	1080000	2.5836747
710000	1080000	0.62982726
720000	1080000	1.2580023
730000	1080000	0.73003894
740000	1080000	1.3199819
750000	1080000	0.65886164
760000	1080000	1.7942674
770000	1080000	2.486748
780000	1080000	1.6733369
790000	1080000	1.3617194
800000	1080000	1.9485515
810000	1080000	0.65422773
820000	1080000	1.4901056
830000	1080000	2.9645355
840000	1080000	2.5998652
850000	1080000	3.4360702
860000	1080000	3.1689534
870000	1080000	3.4870167
880000	1080000	2.3200886
890000	1080000	0.86389184
900000	1080000	6.9747295
910000	1080000	3.916741
920000	1080000	4.7773395
930000	1080000	5.296807
940000	1080000	5.433343
950000	1080000	5.1457715
960000	1080000	6.462418
970000	1080000	4.6534476
980000	1080000	2.926093
990000	1080000	4.334359
1000000	1080000	3.8077977
1010000	1080000	8.242896
1020000	1080000	11.537263
1030000	1080000	6.8094563
1040000	1080000	6.765771
1050000	1080000	7.2939935
1060000	1080000	14.459097
1070000	1080000	20.486055
1080000	1080000	113.52014
270000	1090000	0.67764497
280000	1090000	1.3178821
290000	1090000	1.2976987
320000	1090000	0.9801022
360000	1090000	0.8258271
380000	1090000	0.6556925
390000	1090000	0.7617481
400000	1090000	1.523652
410000	1090000	0.8598054
480000	1090000	0.75317127
500000	1090000	0.67919374
510000	1090000	0.7578527
520000	1090000	0.68302184
540000	1090000	0.7928731
550000	1090000	0.599995
620000	1090000	1.3442466
650000	1090000	0.73454493
660000	1090000	1.5083053
670000	1090000	2.3452997
680000	1090000	0.6195782
690000	1090000	0.5774891
700000	1090000	1.3335187
720000	1090000	2.597184
740000	1090000	0.6812857
750000	1090000	2.7204797
760000	1090000	1.8521599
770000	1090000	0.6417458
790000	1090000	0.46855184
810000	1090000	1.3506731
820000	1090000	3.5890963
830000	1090000	2.4481494
840000	1090000	1.3418752
850000	1090000	2.6602018
860000	1090000	2.4534004
870000	1090000	2.399684
880000	1090000	3.5924199
890000	1090000	3.567062
900000	1090000	1.9635737
910000	1090000	5.39082
920000	1090000	3.5224867
930000	1090000	2.343304
940000	1090000	2.8043253
950000	1090000	5.3118005
960000	1090000	1.3341858
970000	1090000	4.803592
980000	1090000	6.041008
990000	1090000	2.684525
1000000	1090000	5.8959856
1010000	1090000	8.508855
1020000	1090000	1.0826832
1030000	1090000	10.104424
1040000	1090000	9.894099
1050000	1090000	6.525424
1060000	1090000	9.121214
1070000	1090000	18.014147
1080000	1090000	20.679333
1090000	1090000	97.67667
300000	1100000	0.7831963
330000	1100000	1.7595282
370000	1100000	0.9595551
380000	1100000	0.7488366
410000	1100000	0.98194456
470000	1100000	1.2423104
500000	1100000	0.7756762
520000	1100000	0.7800481
530000	1100000	0.68776304
540000	1100000	1.8110083
570000	1100000	0.77546066
580000	1100000	1.7545526
600000	1100000	0.7938952
610000	1100000	0.83009994
620000	1100000	0.7676014
630000	1100000	1.8529291
640000	1100000	2.2589417
650000	1100000	0.83889025
660000	1100000	1.7225667
670000	1100000	2.67846
680000	1100000	0.70759195
690000	1100000	1.3190479
700000	1100000	0.76147544
720000	1100000	1.4830626
730000	1100000	1.7212902
740000	1100000	1.5561306
750000	1100000	2.3302019
760000	1100000	1.4101782
780000	1100000	0.65756726
790000	1100000	1.605335
800000	1100000	0.76571774
810000	1100000	0.77127105
820000	1100000	2.3422532
840000	1100000	3.8312361
850000	1100000	2.0253968
860000	1100000	2.8019166
870000	1100000	1.3702848
880000	1100000	2.0513694
900000	1100000	4.485016
910000	1100000	1.5391525
920000	1100000	3.218297
930000	1100000	5.352361
940000	1100000	3.2026923
950000	1100000	4.5497737
960000	1100000	1.5237128
970000	1100000	5.4859633
980000	1100000	6.0367646
990000	1100000	8.175663
1000000	1100000	6.7335362
1010000	1100000	2.77645
1020000	1100000	3.7094493
1030000	1100000	9.53288
1040000	1100000	5.317458
1050000	1100000	7.4523892
1060000	1100000	8.522936
1070000	1100000	7.155873
1080000	1100000	11.450629
1090000	1100000	22.162663
1100000	1100000	118.117836
290000	1110000	1.0487103
450000	1110000	2.2270005
460000	1110000	1.6431007
480000	1110000	1.2173218
520000	1110000	1.1039419
530000	1110000	0.97333807
540000	1110000	1.2814903
550000	1110000	0.9697489
590000	1110000	2.2657402
600000	1110000	1.1235387
610000	1110000	1.1747766
630000	1110000	1.3111539
650000	1110000	2.3744335
660000	1110000	2.437816
670000	1110000	1.2635393
690000	1110000	0.9333734
700000	1110000	2.1553152
710000	1110000	1.0508105
720000	1110000	1.0494322
740000	1110000	1.1011358
750000	1110000	2.1985035
760000	1110000	0.9978583
770000	1110000	2.0744581
780000	1110000	1.8612086
790000	1110000	0.75730234
810000	1110000	3.2745614
830000	1110000	2.9676373
840000	1110000	4.3376427
860000	1110000	6.6088943
870000	1110000	3.8785172
880000	1110000	0.9677151
890000	1110000	2.8826525
900000	1110000	7.4051805
910000	1110000	2.1782439
920000	1110000	2.277304
930000	1110000	7.5747843
940000	1110000	2.2662618
950000	1110000	7.5121017
960000	1110000	7.5473766
970000	1110000	2.2182462
980000	1110000	6.1024055
990000	1110000	7.231491
1000000	1110000	1.0588284
1010000	1110000	8.840916
1030000	1110000	4.970424
1040000	1110000	6.5847154
1050000	1110000	5.6790423
1060000	1110000	6.7010307
1070000	1110000	7.595367
1080000	1110000	9.115421
1090000	1110000	12.546043
1100000	1110000	19.104351
1110000	1110000	143.63362
270000	1120000	0.6626268
280000	1120000	0.6443374
290000	1120000	0.6344694
320000	1120000	0.9583809
350000	1120000	0.7587054
370000	1120000	1.6431602
380000	1120000	0.6411609
390000	1120000	1.489732
400000	1120000	0.7449422
410000	1120000	0.84075016
450000	1120000	0.67366725
480000	1120000	2.2094378
490000	1120000	0.6031388
510000	1120000	0.7410569
520000	1120000	1.335769
540000	1120000	0.7753012
550000	1120000	0.58669776
560000	1120000	1.0291054
570000	1120000	0.66395676
580000	1120000	0.75113225
590000	1120000	0.685386
620000	1120000	1.314455
640000	1120000	2.5788362
650000	1120000	0.7182658
660000	1120000	0.7374389
670000	1120000	0.76444083
680000	1120000	1.2116939
690000	1120000	1.6940718
700000	1120000	0.6519824
720000	1120000	0.6349061
730000	1120000	0.73689246
740000	1120000	1.3323737
750000	1120000	1.3300939
760000	1120000	0.6037039
780000	1120000	0.5630153
790000	1120000	0.91633534
810000	1120000	1.320739
820000	1120000	1.0027297
830000	1120000	1.1969464
840000	1120000	1.9682043
850000	1120000	1.7341638
860000	1120000	0.7996758
870000	1120000	1.7598761
880000	1120000	1.7564019
890000	1120000	3.4880078
900000	1120000	2.5600753
910000	1120000	3.2945921
920000	1120000	2.0666523
930000	1120000	2.291371
940000	1120000	1.3710876
950000	1120000	1.2985197
960000	1120000	1.3046173
970000	1120000	2.6840763
980000	1120000	2.9535627
990000	1120000	2.6250298
1000000	1120000	5.7653174
1010000	1120000	7.1316676
1020000	1120000	4.234754
1030000	1120000	4.295864
1040000	1120000	5.6910725
1050000	1120000	6.380806
1060000	1120000	4.8649454
1070000	1120000	9.190389
1080000	1120000	6.740344
1090000	1120000	11.385528
1100000	1120000	13.725275
1110000	1120000	20.446657
1120000	1120000	103.29134
300000	1130000	0.83057183
310000	1130000	1.1459454
390000	1130000	0.92258143
400000	1130000	0.92267585
420000	1130000	0.79242224
430000	1130000	1.7960807
440000	1130000	1.0907875
480000	1130000	0.9121938
510000	1130000	1.8357272
530000	1130000	0.7293658
540000	1130000	0.96027815
550000	1130000	1.4533527
560000	1130000	0.6373184
580000	1130000	0.93034273
600000	1130000	0.84191793
610000	1130000	0.8803127
620000	1130000	2.4421008
640000	1130000	2.395585
660000	1130000	0.9133824
680000	1130000	1.5007885
690000	1130000	1.3988371
710000	1130000	1.5748388
720000	1130000	2.3591597
730000	1130000	2.7381165
740000	1130000	0.82513046
750000	1130000	1.6474372
760000	1130000	0.7477399
770000	1130000	2.3317268
780000	1130000	1.394687
790000	1130000	1.1349611
810000	1130000	0.8179252
820000	1130000	1.8629521
830000	1130000	0.74126124
840000	1130000	0.8125975
850000	1130000	1.0739565
870000	1130000	3.6329334
880000	1130000	0.72515225
890000	1130000	3.2401512
900000	1130000	5.5490336
910000	1130000	1.6322558
930000	1130000	4.7301044
940000	1130000	3.396423
950000	1130000	4.82499
960000	1130000	3.2317643
970000	1130000	4.155578
980000	1130000	1.8291224
990000	1130000	2.1675522
1000000	1130000	4.7605653
1010000	1130000	5.888795
1020000	1130000	9.178946
1030000	1130000	2.660401
1040000	1130000	4.934222
1050000	1130000	9.726996
1060000	1130000	7.0299354
1070000	1130000	10.434506
1080000	1130000	4.553729
1090000	1130000	6.2675414
1100000	1130000	4.473671
1110000	1130000	15.19498
1120000	1130000	19.918076
1130000	1130000	119.55594
290000	1140000	0.74567723
310000	1140000	1.0873706
410000	1140000	0.9881143
430000	1140000	0.85213715
480000	1140000	0.8655671
520000	1140000	0.7849493
530000	1140000	2.0762532
540000	1140000	0.91119367
560000	1140000	0.60474193
570000	1140000	0.78033304
590000	1140000	2.4165552
600000	1140000	0.7988834
610000	1140000	1.6706313
620000	1140000	0.7724244
630000	1140000	0.9322857
640000	1140000	2.273135
660000	1140000	1.73339
680000	1140000	0.7120379
690000	1140000	3.3183393
700000	1140000	1.5325199
720000	1140000	1.492381
740000	1140000	3.1318161
750000	1140000	3.1264572
760000	1140000	1.4190387
770000	1140000	2.2125409
780000	1140000	0.6616989
790000	1140000	1.0769478
800000	1140000	0.7705289
810000	1140000	0.7761171
820000	1140000	0.5892425
830000	1140000	2.1101153
840000	1140000	2.313185
850000	1140000	3.0571842
870000	1140000	2.7577891
880000	1140000	2.7523448
890000	1140000	1.0248438
900000	1140000	3.0087974
910000	1140000	3.0976465
920000	1140000	2.4288886
930000	1140000	3.5906608
940000	1140000	5.639927
950000	1140000	6.104481
960000	1140000	3.0665731
970000	1140000	6.3090663
980000	1140000	3.4712543
990000	1140000	3.0851371
1000000	1140000	7.528716
1010000	1140000	4.190842
1020000	1140000	4.977009
1030000	1140000	3.029298
1040000	1140000	6.688586
1050000	1140000	5.191764
1060000	1140000	3.811772
1070000	1140000	2.700313
1080000	1140000	10.802415
1090000	1140000	6.690574
1100000	1140000	9.339
1110000	1140000	3.6045728
1120000	1140000	12.35767
1130000	1140000	22.5089
1140000	1140000	118.75248
270000	1150000	0.64293265
290000	1150000	0.6156121
320000	1150000	0.92989653
330000	1150000	0.7308743
350000	1150000	0.7361556
380000	1150000	0.62210476
390000	1150000	0.7227276
410000	1150000	0.8157619
450000	1150000	0.653645
460000	1150000	0.96453017
530000	1150000	2.2854688
550000	1150000	1.1385207
560000	1150000	0.998519
570000	1150000	1.9326692
600000	1150000	0.65953773
610000	1150000	0.68961525
620000	1150000	0.6376939
640000	1150000	0.6255474
670000	1150000	0.7417207
680000	1150000	1.7635211
690000	1150000	1.0958145
700000	1150000	0.63260466
710000	1150000	0.61684495
720000	1150000	0.6160358
730000	1150000	2.8599641
740000	1150000	1.2927737
750000	1150000	1.9358425
760000	1150000	2.3430443
770000	1150000	0.6088724
780000	1150000	0.5462817
790000	1150000	1.7782012
800000	1150000	3.180645
810000	1150000	1.281485
820000	1150000	2.432318
830000	1150000	1.1613716
840000	1150000	2.5462754
850000	1150000	0.84131104
860000	1150000	1.5518167
870000	1150000	3.9843307
880000	1150000	5.112598
890000	1150000	3.3843396
900000	1150000	3.7259798
910000	1150000	3.8360069
920000	1150000	4.010457
930000	1150000	2.2232685
940000	1150000	5.321348
950000	1150000	5.039704
960000	1150000	1.2658422
970000	1150000	2.6043022
980000	1150000	5.731558
990000	1150000	2.5470104
1000000	1150000	4.9724126
1010000	1150000	4.0364947
1020000	1150000	3.0816686
1030000	1150000	4.585004
1040000	1150000	4.417541
1050000	1150000	3.8099446
1060000	1150000	2.3601763
1070000	1150000	6.6879287
1080000	1150000	7.1345587
1090000	1150000	6.137297
1100000	1150000	7.7100396
1110000	1150000	5.9516864
1120000	1150000	9.001921
1130000	1150000	17.839462
1140000	1150000	19.748867
1150000	1150000	100.15413
590000	1160000	4.281282
610000	1160000	4.439653
620000	1160000	4.1053896
650000	1160000	4.486666
730000	1160000	4.6030188
780000	1160000	3.51689
830000	1160000	3.738379
870000	1160000	3.6643713
880000	1160000	3.6571372
900000	1160000	3.9978948
910000	1160000	4.1159515
940000	1160000	4.2822676
990000	1160000	5.465773
1010000	1160000	7.424692
1030000	1160000	5.366846
1050000	1160000	3.0659904
1070000	1160000	4.784001
1080000	1160000	3.8276126
1090000	1160000	3.9511113
1100000	1160000	13.537152
1110000	1160000	6.3860297
1120000	1160000	11.590637
1130000	1160000	4.7853384
1140000	1160000	4.540736
1150000	1160000	18.74358
1160000	1160000	289.60492
280000	1210000	0.6168421
350000	1210000	2.1789892
390000	1210000	0.7130809
440000	1210000	0.8430906
460000	1210000	1.903312
480000	1210000	0.705052
490000	1210000	1.154803
510000	1210000	0.70943433
520000	1210000	1.2787688
580000	1210000	0.71907973
600000	1210000	1.301469
610000	1210000	2.0412316
620000	1210000	1.2583643
630000	1210000	0.759398
640000	1210000	1.2343956
650000	1210000	1.3752315
680000	1210000	1.1599882
690000	1210000	0.540594
710000	1210000	1.217223
720000	1210000	1.8234397
740000	1210000	0.63775915
750000	1210000	1.2733358
760000	1210000	1.1558851
770000	1210000	1.2014909
780000	1210000	1.0779803
790000	1210000	2.6316998
800000	1210000	2.5105526
810000	1210000	1.2643802
820000	1210000	0.95994097
830000	1210000	1.7188051
840000	1210000	1.2561444
850000	1210000	1.6601632
860000	1210000	0.7655518
870000	1210000	3.3695564
880000	1210000	2.8024204
890000	1210000	0.83479166
900000	1210000	3.6762466
910000	1210000	3.1540046
920000	1210000	3.297439
930000	1210000	0.73119766
940000	1210000	3.9377406
950000	1210000	1.8646635
960000	1210000	3.1223657
970000	1210000	3.211926
980000	1210000	7.775701
990000	1210000	5.863699
1000000	1210000	1.839766
1010000	1210000	2.8447263
1020000	1210000	4.0540476
1030000	1210000	4.523805
1040000	1210000	3.813755
1050000	1210000	5.638636
1060000	1210000	2.3286736
1070000	1210000	5.132292
1080000	1210000	7.039329
1090000	1210000	4.2387652
1100000	1210000	4.8409004
1110000	1210000	8.808369
1120000	1210000	4.1448245
1130000	1210000	8.067285
1140000	1210000	9.046731
1150000	1210000	10.915866
1160000	1210000	11.096039
1210000	1210000	81.62651
280000	1220000	0.67125463
290000	1220000	0.6609744
380000	1220000	1.3358909
390000	1220000	0.77598286
420000	1220000	0.666506
440000	1220000	0.9174609
450000	1220000	0.70180976
480000	1220000	0.76724577
490000	1220000	0.628335
520000	1220000	0.69578546
530000	1220000	1.2269385
560000	1220000	0.5360482
580000	1220000	0.7825108
590000	1220000	0.71401805
600000	1220000	0.7081368
610000	1220000	0.7404306
620000	1220000	0.68468326
640000	1220000	1.3432837
650000	1220000	0.74827135
690000	1220000	0.5882806
700000	1220000	0.67921907
710000	1220000	1.9868942
720000	1220000	0.66142935
730000	1220000	3.070705
740000	1220000	1.3880337
760000	1220000	1.2578474
780000	1220000	0.58653533
790000	1220000	1.9092306
810000	1220000	1.375913
820000	1220000	2.611547
840000	1220000	0.6834754
850000	1220000	4.5165215
860000	1220000	2.499247
870000	1220000	3.0556586
880000	1220000	1.8297757
890000	1220000	0.90842986
900000	1220000	4.6672897
910000	1220000	3.432224
920000	1220000	2.1529868
930000	1220000	1.5913955
940000	1220000	2.8567297
950000	1220000	4.0582967
960000	1220000	1.3591177
970000	1220000	1.3981019
980000	1220000	2.3077111
990000	1220000	0.9115636
1000000	1220000	4.0041094
1010000	1220000	4.9530625
1020000	1220000	5.5145764
1030000	1220000	2.237662
1040000	1220000	5.3359356
1050000	1220000	2.045343
1060000	1220000	3.378786
1070000	1220000	2.3935795
1080000	1220000	7.6602793
1090000	1220000	6.589533
1100000	1220000	7.525605
1110000	1220000	4.260164
1120000	1220000	4.5104456
1130000	1220000	7.980829
1140000	1220000	7.57289
1150000	1220000	6.877183
1210000	1220000	21.589874
1220000	1220000	113.444145
330000	1230000	0.96159106
380000	1230000	0.818486
450000	1230000	0.8599826
500000	1230000	0.84782195
540000	1230000	0.9897253
550000	1230000	0.7489601
560000	1230000	0.6568619
570000	1230000	0.84758645
580000	1230000	1.9177439
590000	1230000	1.7498847
600000	1230000	0.86773556
630000	1230000	2.0252705
640000	1230000	0.8230154
660000	1230000	1.882783
670000	1230000	0.9758613
680000	1230000	0.77340525
690000	1230000	0.7208664
700000	1230000	1.6646008
710000	1230000	1.6231316
730000	1230000	0.9406939
740000	1230000	0.8504333
760000	1230000	2.3120089
770000	1230000	0.8010766
780000	1230000	0.7187277
790000	1230000	1.169765
800000	1230000	0.8369373
820000	1230000	1.9200801
830000	1230000	1.5279844
840000	1230000	0.837516
860000	1230000	2.0416822
870000	1230000	0.74886763
880000	1230000	3.7369463
890000	1230000	4.4526815
900000	1230000	0.81702805
920000	1230000	2.6382236
930000	1230000	0.9750309
940000	1230000	2.6254313
950000	1230000	2.4864745
960000	1230000	4.1635838
980000	1230000	8.4834585
990000	1230000	5.585052
1000000	1230000	3.2710328
1010000	1230000	2.276016
1020000	1230000	1.3514886
1030000	1230000	2.741983
1040000	1230000	2.906018
1050000	1230000	3.132899
1060000	1230000	2.0701458
1070000	1230000	4.8884015
1080000	1230000	9.386741
1090000	1230000	5.6522703
1100000	1230000	4.610857
1110000	1230000	6.525391
1120000	1230000	11.843578
1130000	1230000	6.845675
1140000	1230000	7.423725
1150000	1230000	11.491571
1210000	1230000	9.826427
1220000	1230000	23.854134
1230000	1230000	103.81811
290000	1240000	1.035371
300000	1240000	1.0942988
320000	1240000	0.7819761
350000	1240000	0.6190539
360000	1240000	0.6588875
400000	1240000	0.6078241
420000	1240000	0.5220179
430000	1240000	0.5915951
440000	1240000	1.4371395
460000	1240000	0.8111005
490000	1240000	0.4921218
520000	1240000	1.0899001
530000	1240000	0.48047873
550000	1240000	0.957414
560000	1240000	0.41984132
570000	1240000	1.0834905
590000	1240000	0.5592301
600000	1240000	1.1092476
620000	1240000	1.0725093
630000	1240000	1.2944764
650000	1240000	0.58605784
660000	1240000	1.2034038
680000	1240000	1.4829943
690000	1240000	2.7645035
700000	1240000	1.0639501
720000	1240000	1.5541254
730000	1240000	0.601256
750000	1240000	3.2558086
760000	1240000	0.4925829
770000	1240000	0.5120179
780000	1240000	0.45938364
790000	1240000	0.74766964
800000	1240000	0.5349387
820000	1240000	1.6363236
830000	1240000	3.4182048
840000	1240000	1.0706172
850000	1240000	3.5374105
860000	1240000	0.6524831
870000	1240000	1.9145917
880000	1240000	1.4331089
890000	1240000	2.1344895
910000	1240000	1.0752686
920000	1240000	2.8104215
930000	1240000	1.8696088
940000	1240000	1.6780766
950000	1240000	1.5892607
960000	1240000	3.725688
970000	1240000	2.7375383
980000	1240000	7.2297416
990000	1240000	2.1418526
1000000	1240000	2.613401
1010000	1240000	2.909487
1020000	1240000	2.5914614
1030000	1240000	3.505144
1040000	1240000	1.857417
1050000	1240000	4.405348
1060000	1240000	3.3078976
1070000	1240000	3.1244817
1080000	1240000	4.9997087
1090000	1240000	6.19323
1100000	1240000	4.7153373
1110000	1240000	4.1707835
1120000	1240000	5.5513096
1130000	1240000	5.000568
1140000	1240000	4.7449646
1150000	1240000	5.8759828
1160000	1240000	12.609602
1210000	1240000	6.763811
1220000	1240000	13.66942
1230000	1240000	22.548365
1240000	1240000	91.82543
310000	1250000	0.86581767
370000	1250000	0.7688453
380000	1250000	0.6000067
410000	1250000	3.1471398
430000	1250000	1.3570266
450000	1250000	0.6304266
460000	1250000	0.9302687
480000	1250000	1.3784137
490000	1250000	0.5644251
500000	1250000	0.621512
540000	1250000	1.4510739
550000	1250000	1.0980788
560000	1250000	0.9630502
570000	1250000	0.6213393
590000	1250000	1.2827863
600000	1250000	0.63611007
630000	1250000	0.7423315
640000	1250000	0.6033271
650000	1250000	0.6721624
660000	1250000	1.3802099
670000	1250000	2.146121
680000	1250000	0.56695944
690000	1250000	1.5853344
700000	1250000	1.830401
710000	1250000	2.379735
720000	1250000	0.5941534
730000	1250000	1.3791871
740000	1250000	1.2468526
750000	1250000	0.6223596
760000	1250000	0.564954
780000	1250000	0.52687705
790000	1250000	0.8575185
800000	1250000	1.2270656
810000	1250000	1.8539472
820000	1250000	0.9383675
830000	1250000	3.3603542
840000	1250000	3.069785
850000	1250000	0.8114265
860000	1250000	0.748347
870000	1250000	1.646915
880000	1250000	2.1915517
890000	1250000	0.81603074
900000	1250000	4.1925654
910000	1250000	0.6166244
920000	1250000	1.2893333
930000	1250000	0.71476495
940000	1250000	1.2830817
950000	1250000	0.60758585
960000	1250000	3.0521944
970000	1250000	6.9074326
980000	1250000	3.454978
990000	1250000	2.456537
1000000	1250000	1.1989464
1010000	1250000	3.8931127
1020000	1250000	3.9629378
1030000	1250000	4.422138
1050000	1250000	4.1339364
1060000	1250000	5.311459
1070000	1250000	4.300243
1080000	1250000	2.8671372
1090000	1250000	5.9192915
1100000	1250000	7.436168
1110000	1250000	3.8268495
1120000	1250000	4.051675
1130000	1250000	7.885982
1140000	1250000	2.7210515
1150000	1250000	4.4928613
1210000	1250000	7.757561
1220000	1250000	9.044858
1230000	1250000	9.605591
1240000	1250000	25.030396
1250000	1250000	90.998634
270000	1260000	1.1838366
360000	1260000	1.4427088
370000	1260000	1.4678196
490000	1260000	2.155113
520000	1260000	1.1932299
540000	1260000	1.3851386
550000	1260000	1.0481832
570000	1260000	1.1862127
600000	1260000	1.2144117
610000	1260000	1.2697936
630000	1260000	1.4172014
650000	1260000	1.2832401
680000	1260000	2.1647894
690000	1260000	1.0088656
740000	1260000	1.1901969
750000	1260000	1.1881603
760000	1260000	2.1571321
780000	1260000	1.0058725
790000	1260000	2.4556613
810000	1260000	2.3596077
820000	1260000	1.791458
830000	1260000	4.276884
840000	1260000	1.1721189
890000	1260000	1.5579022
900000	1260000	3.430337
910000	1260000	4.708845
930000	1260000	2.729147
940000	1260000	2.4495595
960000	1260000	4.661609
980000	1260000	3.9575849
990000	1260000	4.689829
1000000	1260000	1.1444675
1010000	1260000	3.1853259
1020000	1260000	3.782866
1030000	1260000	1.5349821
1040000	1260000	5.0837817
1050000	1260000	4.384549
1060000	1260000	2.8972068
1070000	1260000	1.3682814
1080000	1260000	5.4737144
1090000	1260000	3.3901951
1100000	1260000	1.2905957
1110000	1260000	1.8264806
1120000	1260000	8.840161
1130000	1260000	4.1059914
1140000	1260000	2.5974095
1150000	1260000	8.57742
1210000	1260000	6.347199
1220000	1260000	9.20946
1230000	1260000	14.106342
1240000	1260000	9.917866
1250000	1260000	44.46597
1260000	1260000	122.40092
340000	1270000	0.8788981
380000	1270000	0.6550737
390000	1270000	1.5220582
400000	1270000	0.76110697
420000	1270000	0.6536619
440000	1270000	0.8997808
480000	1270000	0.75246036
490000	1270000	0.61622655
500000	1270000	0.6785527
510000	1270000	2.2714121
530000	1270000	0.60164726
540000	1270000	0.79212475
560000	1270000	1.0514363
570000	1270000	0.67836416
580000	1270000	0.7674313
600000	1270000	1.388981
610000	1270000	0.726162
630000	1270000	1.6209213
640000	1270000	0.6586988
650000	1270000	0.7338517
670000	1270000	0.78102875
680000	1270000	0.6189934
690000	1270000	2.3077762
700000	1270000	0.66613007
710000	1270000	1.2990702
720000	1270000	1.9460495
750000	1270000	0.679478
760000	1270000	0.61680394
770000	1270000	2.5645604
780000	1270000	1.725697
790000	1270000	1.4043288
800000	1270000	2.6793647
810000	1270000	0.6746991
820000	1270000	2.5612206
830000	1270000	1.2229193
840000	1270000	2.010913
850000	1270000	0.88589704
860000	1270000	2.4510846
870000	1270000	3.5961287
880000	1270000	2.9908578
890000	1270000	2.6727715
900000	1270000	1.9617205
910000	1270000	2.692866
920000	1270000	0.7038324
930000	1270000	0.7803641
940000	1270000	2.101259
950000	1270000	1.3266968
960000	1270000	3.3323164
970000	1270000	3.427899
980000	1270000	4.5264797
990000	1270000	6.25798
1000000	1270000	1.9634737
1010000	1270000	3.0360084
1020000	1270000	1.0816613
1030000	1270000	2.6334488
1040000	1270000	3.488739
1050000	1270000	4.5133376
1060000	1270000	1.6568372
1070000	1270000	3.9124227
1080000	1270000	2.50422
1090000	1270000	1.2925096
1100000	1270000	2.2141745
1110000	1270000	6.267101
1120000	1270000	8.21512
1130000	1270000	4.6962194
1140000	1270000	5.941564
1150000	1270000	6.744655
1160000	1270000	3.9473822
1210000	1270000	7.2595963
1220000	1270000	5.2666507
1230000	1270000	10.487165
1240000	1270000	7.218616
1250000	1270000	10.053298
1260000	1270000	16.934977
1270000	1270000	101.36624
320000	1280000	2.687742
380000	1280000	0.8990554
420000	1280000	0.89711785
440000	1280000	1.2349036
500000	1280000	0.9312791
510000	1280000	1.0391326
560000	1280000	1.443043
630000	1280000	3.3369484
650000	1280000	1.0071741
690000	1280000	0.7918264
700000	1280000	0.9142297
710000	1280000	0.891454
720000	1280000	2.670854
730000	1280000	1.0332931
740000	1280000	1.8682951
750000	1280000	0.9325491
760000	1280000	0.8465321
770000	1280000	0.8799323
780000	1280000	0.7894772
790000	1280000	1.9273701
810000	1280000	0.92599034
820000	1280000	0.7030291
830000	1280000	2.5175922
840000	1280000	4.5997934
850000	1280000	1.2158487
860000	1280000	1.1213298
870000	1280000	1.6451681
880000	1280000	3.2838404
890000	1280000	1.2227477
900000	1280000	0.89745396
910000	1280000	1.8479111
920000	1280000	0.9659743
940000	1280000	2.8838713
950000	1280000	3.641648
960000	1280000	3.6587481
970000	1280000	1.8818469
980000	1280000	2.070788
990000	1280000	3.680897
1000000	1280000	1.796512
1010000	1280000	4.1667676
1020000	1280000	2.9690506
1030000	1280000	3.011896
1040000	1280000	2.3940587
1050000	1280000	2.0647757
1060000	1280000	4.54785
1070000	1280000	4.2956815
1080000	1280000	1.7184575
1090000	1280000	4.4347596
1100000	1280000	4.0517893
1110000	1280000	7.167732
1120000	1280000	6.0710654
1130000	1280000	3.2226615
1140000	1280000	2.0386238
1150000	1280000	4.2075896
1160000	1280000	5.417582
1210000	1280000	3.3211424
1220000	1280000	3.6141055
1230000	1280000	9.964456
1240000	1280000	5.661248
1250000	1280000	8.11626
1260000	1280000	7.747465
1270000	1280000	20.38064
1280000	1280000	109.453285
