3100000	3100000	331.64014
3100000	3125000	82.85427
3125000	3125000	241.38626
3100000	3150000	52.36002
3125000	3150000	82.9006
3150000	3150000	310.0147
3100000	3175000	30.730562
3125000	3175000	55.364086
3150000	3175000	91.79032
3175000	3175000	256.65802
3100000	3200000	32.073826
3125000	3200000	42.933197
3150000	3200000	52.219425
3175000	3200000	76.88689
3200000	3200000	271.19345
3100000	3225000	37.287067
3125000	3225000	35.949085
3150000	3225000	44.028633
3175000	3225000	44.58684
3200000	3225000	88.778946
3225000	3225000	312.57574
3100000	3250000	23.781134
3125000	3250000	37.203583
3150000	3250000	38.017086
3175000	3250000	40.285496
3200000	3250000	55.812996
3225000	3250000	85.72314
3250000	3250000	375.08173
3125000	3275000	182.75449
3175000	3275000	166.85156
3200000	3275000	128.14429
3225000	3275000	105.274055
3250000	3275000	67.14221
3100000	3350000	27.504185
3125000	3350000	14.782341
3150000	3350000	27.253416
3175000	3350000	23.87756
3200000	3350000	27.640326
3225000	3350000	28.820787
3250000	3350000	48.460228
3275000	3350000	176.48558
3350000	3350000	351.3913
3100000	3375000	24.513947
3125000	3375000	31.729656
3150000	3375000	26.548206
3175000	3375000	29.751541
3200000	3375000	35.27656
3225000	3375000	27.663363
3250000	3375000	35.286556
3350000	3375000	114.28359
3375000	3375000	367.23657
3100000	3400000	26.141113
3125000	3400000	22.078175
3150000	3400000	27.984245
3175000	3400000	30.235464
3200000	3400000	30.961668
3225000	3400000	34.24058
3250000	3400000	52.41151
3275000	3400000	65.89754
3350000	3400000	54.122135
3375000	3400000	102.66037
3400000	3400000	334.3594
3100000	3425000	23.634703
3125000	3425000	28.973953
3150000	3425000	33.60148
3175000	3425000	23.039446
3200000	3425000	33.204704
3225000	3425000	33.380363
3250000	3425000	35.71141
3350000	3425000	46.934326
3375000	3425000	54.455406
3400000	3425000	68.75073
3425000	3425000	292.30057
3100000	3450000	20.232668
3125000	3450000	20.85617
3150000	3450000	15.927179
3175000	3450000	24.641695
3200000	3450000	21.792608
3225000	3450000	16.96095
3250000	3450000	18.029068
3350000	3450000	18.956005
3375000	3450000	23.23079
3400000	3450000	35.38969
3425000	3450000	64.27128
3450000	3450000	378.35922
3100000	3475000	4.8587666
3125000	3475000	10.311612
3150000	3475000	7.3554354
3175000	3475000	12.104121
3200000	3475000	8.263227
3225000	3475000	10.182703
3250000	3475000	8.659167
3350000	3475000	17.070684
3375000	3475000	21.456726
3400000	3475000	21.246609
3425000	3475000	32.739643
3450000	3475000	89.01916
3475000	3475000	375.94867
3100000	3500000	2.1975799
3125000	3500000	5.9963875
3150000	3500000	7.984326
3175000	3500000	9.124323
3200000	3500000	11.212169
3225000	3500000	13.816657
3250000	3500000	5.8747044
3350000	3500000	27.023254
3375000	3500000	5.82282
3400000	3500000	11.531599
3425000	3500000	15.865574
3450000	3500000	37.485897
3475000	3500000	75.01697
3500000	3500000	454.65604
3100000	3525000	8.706603
3125000	3525000	6.335232
3150000	3525000	11.071601
3175000	3525000	8.675929
3200000	3525000	2.9614367
3225000	3525000	1.8246763
3250000	3525000	11.637511
3350000	3525000	9.176878
3375000	3525000	9.227785
3400000	3525000	13.706131
3425000	3525000	12.571581
3450000	3525000	36.303806
3475000	3525000	51.516426
3500000	3525000	75.27838
3525000	3525000	421.80484
3100000	3550000	10.950431
3125000	3550000	4.97995
3150000	3550000	6.6309166
3175000	3550000	3.03107
3200000	3550000	12.415484
3225000	3550000	7.649746
3250000	3550000	14.63668
3350000	3550000	3.206084
3375000	3550000	12.089509
3400000	3550000	16.759571
3425000	3550000	26.352455
3450000	3550000	41.50897
3475000	3550000	29.073788
3500000	3550000	45.085144
3525000	3550000	102.70827
3550000	3550000	486.7569
3100000	3575000	2.900667
3125000	3575000	9.233995
3150000	3575000	11.856158
3175000	3575000	12.043531
3200000	3575000	6.1663985
3225000	3575000	13.677837
3250000	3575000	11.63136
3350000	3575000	10.191141
3375000	3575000	5.7643166
3400000	3575000	7.610492
3425000	3575000	10.470779
3450000	3575000	49.479023
3475000	3575000	33.00589
3500000	3575000	76.134285
3525000	3575000	67.424706
3550000	3575000	100.42236
3575000	3575000	443.3491
3100000	3600000	5.576764
3125000	3600000	15.216938
3150000	3600000	6.07851
3175000	3600000	9.261861
3200000	3600000	12.329609
3225000	3600000	3.5062313
3250000	3600000	20.871403
3350000	3600000	13.715298
3375000	3600000	11.821183
3400000	3600000	14.631779
3425000	3600000	19.325672
3450000	3600000	40.16489
3475000	3600000	55.841686
3500000	3600000	58.549698
3525000	3600000	30.019436
3550000	3600000	62.92652
3575000	3600000	95.4659
3600000	3600000	374.07364
3100000	3625000	8.350864
3125000	3625000	7.595479
3150000	3625000	8.168639
3175000	3625000	9.068239
3200000	3625000	9.832281
3225000	3625000	10.096861
3250000	3625000	13.73787
3275000	3625000	90.68202
3350000	3625000	7.8991623
3375000	3625000	6.80827
3400000	3625000	10.955098
3425000	3625000	23.188316
3450000	3625000	26.784988
3475000	3625000	35.085114
3500000	3625000	45.62253
3525000	3625000	45.58098
3550000	3625000	28.005014
3575000	3625000	40.582283
3600000	3625000	75.50582
3625000	3625000	274.25598
3100000	3650000	8.448307
3125000	3650000	4.1913314
3150000	3650000	8.37128
3175000	3650000	5.102147
3200000	3650000	3.918519
3225000	3650000	9.657513
3250000	3650000	6.159417
3350000	3650000	8.095118
3375000	3650000	11.1925335
3400000	3650000	16.120625
3425000	3650000	21.070349
3450000	3650000	20.379135
3475000	3650000	38.452385
3500000	3650000	28.459137
3525000	3650000	35.70493
3550000	3650000	23.635078
3575000	3650000	31.303556
3600000	3650000	34.906483
3625000	3650000	96.36042
3650000	3650000	300.04153
3100000	3675000	4.8757887
3125000	3675000	8.235954
3150000	3675000	7.592096
3175000	3675000	6.3624663
3200000	3675000	7.6998787
3225000	3675000	5.1091886
3250000	3675000	4.6550913
3275000	3675000	49.16431
3350000	3675000	8.565246
3375000	3675000	11.996344
3400000	3675000	13.706386
3425000	3675000	16.091923
3450000	3675000	23.762934
3475000	3675000	30.117855
3500000	3675000	12.905106
3525000	3675000	18.74723
3550000	3675000	21.435167
3575000	3675000	15.614433
3600000	3675000	31.657448
3625000	3675000	52.183334
3650000	3675000	90.203606
3675000	3675000	268.60168
3100000	3700000	7.454438
3125000	3700000	8.1361685
3150000	3700000	4.0625596
3175000	3700000	3.7140877
3200000	3700000	6.972705
3225000	3700000	6.2490206
3250000	3700000	1.9927658
3350000	3700000	9.166592
3375000	3700000	4.937915
3400000	3700000	5.867472
3425000	3700000	11.839919
3450000	3700000	14.128487
3475000	3700000	32.23236
3500000	3700000	25.32043
3525000	3700000	18.239483
3550000	3700000	11.47004
3575000	3700000	27.34476
3600000	3700000	26.87038
3625000	3700000	49.11845
3650000	3700000	50.681713
3675000	3700000	97.03585
3700000	3700000	288.9019
3100000	3725000	3.13354
3125000	3725000	2.1375694
3150000	3725000	2.8462224
3175000	3725000	5.8546877
3200000	3725000	0.66614527
3225000	3725000	4.1044245
3250000	3725000	2.0941925
3350000	3725000	6.8808193
3375000	3725000	4.151394
3400000	3725000	4.1107407
3425000	3725000	7.9179797
3450000	3725000	8.908554
3475000	3725000	19.610628
3500000	3725000	21.771143
3525000	3725000	13.417477
3550000	3725000	16.071781
3575000	3725000	15.964743
3600000	3725000	14.732877
3625000	3725000	26.162777
3650000	3725000	32.971268
3675000	3725000	46.77036
3700000	3725000	108.313576
3725000	3725000	298.36328
3100000	3750000	5.5545373
3125000	3750000	1.4434562
3150000	3750000	5.045236
3175000	3750000	3.9535484
3200000	3750000	3.373755
3225000	3750000	5.820428
3250000	3750000	5.303117
3350000	3750000	4.1818266
3375000	3750000	6.3075366
3400000	3750000	7.2867312
3425000	3750000	8.02027
3450000	3750000	10.527581
3475000	3750000	10.834894
3500000	3750000	7.3507996
3525000	3750000	7.7661796
3550000	3750000	4.069852
3575000	3750000	12.9367895
3600000	3750000	18.654009
3625000	3750000	20.054636
3650000	3750000	31.684538
3675000	3750000	39.60825
3700000	3750000	63.999165
3725000	3750000	107.43579
3750000	3750000	330.01016
3100000	3775000	0.82787263
3125000	3775000	2.25896
3150000	3775000	0.75196415
3175000	3775000	2.7498531
3200000	3775000	6.335775
3225000	3775000	5.205013
3250000	3775000	3.3196793
3350000	3775000	4.3629446
3375000	3775000	5.483934
3400000	3775000	5.430232
3425000	3775000	11.953763
3450000	3775000	20.398
3475000	3775000	20.724297
3500000	3775000	7.669168
3525000	3775000	8.102538
3550000	3775000	10.615301
3575000	3775000	6.748546
3600000	3775000	18.164465
3625000	3775000	22.417732
3650000	3775000	14.294841
3675000	3775000	26.738874
3700000	3775000	49.427895
3725000	3775000	62.87915
3750000	3775000	112.6139
3775000	3775000	333.213
3100000	3800000	4.0408006
3125000	3800000	0.7350573
3150000	3800000	3.6702955
3175000	3800000	4.6976585
3200000	3800000	3.436063
3225000	3800000	3.3873842
3250000	3800000	2.1604228
3275000	3800000	57.042763
3350000	3800000	2.8393724
3375000	3800000	5.353356
3400000	3800000	7.4213057
3425000	3800000	9.335305
3450000	3800000	10.72201
3475000	3800000	9.195832
3500000	3800000	19.964153
3525000	3800000	3.9548044
3550000	3800000	6.217524
3575000	3800000	9.881784
3600000	3800000	12.66568
3625000	3800000	17.507154
3650000	3800000	13.082312
3675000	3800000	22.938292
3700000	3800000	31.320803
3725000	3800000	48.038036
3750000	3800000	38.746685
3775000	3800000	77.08921
3800000	3800000	307.43866
3100000	3825000	2.7609317
3125000	3825000	2.511189
3150000	3825000	3.134724
3175000	3825000	4.012173
3200000	3825000	2.3477366
3225000	3825000	5.78619
3250000	3825000	2.767759
3350000	3825000	6.0626235
3375000	3825000	2.7433147
3400000	3825000	1.810967
3425000	3825000	8.969728
3450000	3825000	11.773861
3475000	3825000	10.995559
3500000	3825000	12.788229
3525000	3825000	6.755434
3550000	3825000	7.0803456
3575000	3825000	2.813276
3600000	3825000	9.735746
3625000	3825000	13.706458
3650000	3825000	6.704
3675000	3825000	12.160007
3700000	3825000	26.027468
3725000	3825000	22.793497
3750000	3825000	34.631943
3775000	3825000	41.75239
3800000	3825000	78.3812
3825000	3825000	315.30515
3100000	3850000	3.746388
3125000	3850000	2.8395875
3150000	3850000	0.5671463
3175000	3850000	2.5924923
3200000	3850000	3.1857116
3225000	3850000	3.271437
3250000	3850000	4.172947
3350000	3850000	6.581239
3375000	3850000	7.444966
3400000	3850000	4.9147067
3425000	3850000	5.4094596
3450000	3850000	7.100574
3475000	3850000	12.788735
3500000	3850000	9.640399
3525000	3850000	6.1110954
3550000	3850000	3.2025084
3575000	3850000	6.3623595
3600000	3850000	11.742859
3625000	3850000	6.7631598
3650000	3850000	14.824498
3675000	3850000	10.389056
3700000	3850000	20.928843
3725000	3850000	24.743324
3750000	3850000	29.936335
3775000	3850000	35.590977
3800000	3850000	56.015064
3825000	3850000	83.5709
3850000	3850000	261.3125
3100000	3875000	0.6979794
3125000	3875000	1.2696861
3150000	3875000	3.8038857
3175000	3875000	1.7388009
3200000	3875000	3.5611277
3225000	3875000	2.9255643
3250000	3875000	0.93294054
3350000	3875000	2.4522657
3375000	3875000	1.8494018
3400000	3875000	3.6625829
3425000	3875000	3.0234652
3450000	3875000	5.291555
3475000	3875000	4.7652693
3500000	3875000	4.3105836
3525000	3875000	1.7078125
3550000	3875000	1.789952
3575000	3875000	2.8448496
3600000	3875000	7.6572304
3625000	3875000	10.080208
3650000	3875000	12.05198
3675000	3875000	15.02903
3700000	3875000	16.084183
3725000	3875000	22.280998
3750000	3875000	19.455898
3775000	3875000	23.546314
3800000	3875000	23.778261
3825000	3875000	39.940094
3850000	3875000	64.91257
3875000	3875000	262.18195
3100000	3900000	1.6748083
3125000	3900000	3.80828
3150000	3900000	2.2818651
3175000	3900000	2.0861347
3200000	3900000	4.27248
3225000	3900000	2.63247
3250000	3900000	2.2385998
3350000	3900000	4.4131765
3375000	3900000	2.218829
3400000	3900000	1.0985503
3425000	3900000	3.627417
3450000	3900000	6.3485684
3475000	3900000	7.6228733
3500000	3900000	12.92911
3525000	3900000	6.1468687
3550000	3900000	4.295007
3575000	3900000	6.826244
3600000	3900000	11.811599
3625000	3900000	5.291028
3650000	3900000	8.133425
3675000	3900000	11.474369
3700000	3900000	8.771399
3725000	3900000	12.904976
3750000	3900000	14.939076
3775000	3900000	16.56023
3800000	3900000	19.96966
3825000	3900000	26.801773
3850000	3900000	43.34784
3875000	3900000	95.26964
3900000	3900000	354.7248
3100000	3925000	2.641638
3125000	3925000	4.004477
3150000	3925000	0.7998079
3175000	3925000	2.1936095
3200000	3925000	0.7487654
3225000	3925000	5.5361824
3250000	3925000	4.7078586
3350000	3925000	1.5468457
3375000	3925000	3.4997098
3400000	3925000	4.6205845
3425000	3925000	2.5428643
3450000	3925000	3.337819
3525000	3925000	10.772578
3550000	3925000	6.7744203
3575000	3925000	5.383442
3600000	3925000	6.9000645
3625000	3925000	7.9480205
3650000	3925000	6.6519036
3675000	3925000	6.0327563
3700000	3925000	7.378631
3725000	3925000	20.354733
3750000	3925000	14.726922
3775000	3925000	17.413391
3800000	3925000	14.998906
3825000	3925000	23.91248
3850000	3925000	40.945698
3875000	3925000	57.861313
3900000	3925000	81.852715
3925000	3925000	350.81555
3100000	3950000	3.2013307
3125000	3950000	1.4558756
3150000	3950000	2.180848
3175000	3950000	2.6583767
3200000	3950000	3.402783
3225000	3950000	0.8386439
3250000	3950000	1.069749
3350000	3950000	4.2178073
3375000	3950000	4.2412047
3400000	3950000	2.099836
3425000	3950000	2.3112218
3450000	3950000	6.0675206
3475000	3950000	5.464059
3500000	3950000	12.356744
3525000	3950000	5.8747497
3550000	3950000	4.1048694
3575000	3950000	9.786074
3600000	3950000	8.780104
3625000	3950000	6.5015955
3650000	3950000	9.500775
3675000	3950000	8.61646
3700000	3950000	15.927876
3725000	3950000	13.214656
3750000	3950000	14.27773
3775000	3950000	29.79222
3800000	3950000	20.903288
3825000	3950000	28.720154
3850000	3950000	33.002644
3875000	3950000	46.310978
3900000	3950000	59.328724
3925000	3950000	94.073006
3950000	3950000	301.51205
3100000	3975000	4.9146175
3125000	3975000	3.192901
3150000	3975000	1.275426
3175000	3975000	5.24711
3200000	3975000	2.985076
3225000	3975000	2.2070897
3250000	3975000	0.9384325
3350000	3975000	1.2333508
3375000	3975000	3.7205777
3425000	3975000	3.0412636
3450000	3975000	6.6533813
3475000	3975000	4.793321
3500000	3975000	4.335959
3525000	3975000	8.58933
3550000	3975000	9.002445
3575000	3975000	8.584789
3600000	3975000	3.3009884
3625000	3975000	9.505826
3650000	3975000	7.5768294
3675000	3975000	11.681705
3700000	3975000	13.972658
3725000	3975000	19.32083
3750000	3975000	14.873527
3775000	3975000	14.700988
3800000	3975000	17.540041
3825000	3975000	25.194626
3850000	3975000	41.88716
3875000	3975000	47.51188
3900000	3975000	52.871983
3925000	3975000	54.72719
3950000	3975000	88.429886
3975000	3975000	268.04837
3100000	4000000	2.5776107
3125000	4000000	2.3444505
3150000	4000000	1.5608447
3175000	4000000	1.4269608
3200000	4000000	0.730617
3225000	4000000	3.6013317
3250000	4000000	2.2968752
3350000	4000000	7.546768
3375000	4000000	1.1382948
3400000	4000000	3.381444
3425000	4000000	6.2030773
3450000	4000000	3.2569177
3475000	4000000	3.9106565
3500000	4000000	10.612545
3525000	4000000	2.102295
3550000	4000000	2.2034078
3575000	4000000	10.5059185
3600000	4000000	4.0396934
3625000	4000000	8.530915
3650000	4000000	4.636197
3675000	4000000	10.9321375
3700000	4000000	16.199526
3725000	4000000	6.62046
3750000	4000000	18.201967
3775000	4000000	15.991838
3800000	4000000	28.29504
3825000	4000000	24.16621
3850000	4000000	33.168747
3875000	4000000	46.346844
3900000	4000000	33.36291
3925000	4000000	36.144806
3950000	4000000	47.345806
3975000	4000000	98.325134
4000000	4000000	322.6052
3100000	4025000	1.8128675
3150000	4025000	1.6466439
3175000	4025000	3.010801
3200000	4025000	3.0831153
3250000	4025000	2.423134
3350000	4025000	3.184645
3375000	4025000	3.6026
3400000	4025000	3.567321
3425000	4025000	3.9264355
3450000	4025000	6.8718996
3475000	4025000	4.125624
3500000	4025000	2.7989786
3525000	4025000	11.089289
3550000	4025000	2.3245285
3575000	4025000	11.083426
3600000	4025000	4.2617545
3625000	4025000	4.0908446
3650000	4025000	5.8692575
3675000	4025000	7.984436
3700000	4025000	18.039455
3725000	4025000	20.953156
3750000	4025000	15.159888
3775000	4025000	12.653179
3800000	4025000	26.762438
3825000	4025000	22.857246
3850000	4025000	33.401478
3875000	4025000	24.891756
3900000	4025000	34.13029
3925000	4025000	47.103836
3950000	4025000	47.909683
3975000	4025000	59.913044
4000000	4025000	82.07526
4025000	4025000	342.8842
3100000	4050000	1.6397421
3125000	4050000	0.7457089
3150000	4050000	2.234089
3175000	4050000	2.0424564
3200000	4050000	2.7886837
3250000	4050000	2.1917293
3350000	4050000	2.8805175
3375000	4050000	1.0861862
3400000	4050000	1.0755496
3425000	4050000	2.3676455
3450000	4050000	4.6617346
3475000	4050000	3.731635
3500000	4050000	5.063363
3525000	4050000	14.042396
3550000	4050000	4.205081
3575000	4050000	5.0124903
3600000	4050000	6.424608
3625000	4050000	7.4003534
3650000	4050000	4.423962
3675000	4050000	7.2219377
3700000	4050000	8.587749
3725000	4050000	18.049685
3750000	4050000	10.969719
3775000	4050000	8.583619
3800000	4050000	23.27565
3825000	4050000	25.445444
3850000	4050000	38.12429
3875000	4050000	36.184246
3900000	4050000	23.153185
3925000	4050000	36.51901
3950000	4050000	40.568375
3975000	4050000	44.48553
4000000	4050000	53.4508
4025000	4050000	99.202835
4050000	4050000	339.08176
3100000	4075000	1.4812089
3125000	4075000	1.3472248
3150000	4075000	2.6907907
3175000	4075000	3.0749803
3200000	4075000	3.148836
3225000	4075000	3.1042264
3250000	4075000	4.9495726
3350000	4075000	2.6020238
3375000	4075000	5.8870306
3400000	4075000	2.9146905
3425000	4075000	4.2774744
3450000	4075000	5.614706
3475000	4075000	6.741708
3500000	4075000	4.5738277
3525000	4075000	10.872644
3575000	4075000	4.5278735
3600000	4075000	2.3213863
3625000	4075000	4.0109243
3650000	4075000	8.79174
3675000	4075000	11.597703
3700000	4075000	12.411951
3725000	4075000	15.489378
3750000	4075000	16.515244
3775000	4075000	23.261217
3800000	4075000	27.75342
3825000	4075000	43.815792
3850000	4075000	39.63661
3875000	4075000	45.76024
3900000	4075000	27.886257
3925000	4075000	29.32292
3950000	4075000	46.640556
3975000	4075000	50.41339
4000000	4075000	50.071342
4025000	4075000	42.44766
4050000	4075000	79.34758
4075000	4075000	289.7873
3100000	4100000	3.9834416
3125000	4100000	3.019263
3150000	4100000	3.6181958
3175000	4100000	1.6539198
3200000	4100000	2.258192
3225000	4100000	4.869813
3350000	4100000	1.1662781
3375000	4100000	1.7591218
3400000	4100000	5.225686
3425000	4100000	2.8758721
3450000	4100000	7.549865
3475000	4100000	7.5544143
3500000	4100000	2.0500793
3525000	4100000	14.619998
3550000	4100000	5.107722
3575000	4100000	8.117928
3600000	4100000	5.2024546
3625000	4100000	9.588134
3650000	4100000	11.463653
3675000	4100000	12.346005
3700000	4100000	12.51738
3725000	4100000	16.0777
3750000	4100000	29.609825
3775000	4100000	22.396881
3800000	4100000	21.109673
3825000	4100000	34.126957
3850000	4100000	32.03688
3875000	4100000	40.370144
3900000	4100000	33.591515
3925000	4100000	31.214882
3950000	4100000	35.83751
3975000	4100000	37.987938
4000000	4100000	32.06137
4025000	4100000	34.669373
4050000	4100000	40.536613
4075000	4100000	71.16223
4100000	4100000	268.17676
3100000	4125000	2.2399342
3125000	4125000	0.6791063
3150000	4125000	2.7127364
3175000	4125000	3.720071
3200000	4125000	2.539614
3225000	4125000	3.129544
3250000	4125000	1.9959762
3350000	4125000	1.3116227
3375000	4125000	2.9675221
3400000	4125000	1.9589748
3425000	4125000	1.0780903
3450000	4125000	4.245374
3475000	4125000	6.796692
3500000	4125000	2.3055656
3525000	4125000	1.8268867
3550000	4125000	5.7442594
3575000	4125000	7.6080036
3600000	4125000	9.361277
3625000	4125000	8.087274
3650000	4125000	8.863444
3675000	4125000	21.192278
3700000	4125000	21.115993
3725000	4125000	19.725103
3750000	4125000	30.802387
3775000	4125000	38.216335
3800000	4125000	25.436157
3825000	4125000	15.931298
3850000	4125000	23.58288
3875000	4125000	27.826529
3900000	4125000	24.599482
3925000	4125000	21.24774
3950000	4125000	23.510475
3975000	4125000	20.624458
4000000	4125000	20.732742
4025000	4125000	19.970467
4050000	4125000	27.525066
4075000	4125000	29.525873
4100000	4125000	61.29467
4125000	4125000	289.05014
3100000	4150000	1.4424788
3125000	4150000	1.9679972
3150000	4150000	2.6204329
3175000	4150000	1.1978307
3200000	4150000	1.8399009
3225000	4150000	1.5115291
3250000	4150000	1.9280611
3350000	4150000	5.067974
3375000	4150000	1.9110328
3400000	4150000	2.8384783
3425000	4150000	1.0414072
3450000	4150000	5.467895
3475000	4150000	11.489499
3500000	4150000	2.2271166
3525000	4150000	7.0589
3550000	4150000	3.6992037
3575000	4150000	4.40948
3600000	4150000	7.912406
3625000	4150000	6.5100803
3650000	4150000	13.23196
3675000	4150000	7.7649345
3700000	4150000	16.620186
3725000	4150000	11.908711
3750000	4150000	25.733454
3775000	4150000	15.1019945
3800000	4150000	21.294579
3825000	4150000	21.68481
3850000	4150000	29.10835
3875000	4150000	23.342901
3900000	4150000	14.427208
3925000	4150000	16.062859
3950000	4150000	12.166344
3975000	4150000	12.09592
4000000	4150000	14.802779
4025000	4150000	22.046803
4050000	4150000	20.772264
4075000	4150000	21.7662
4100000	4150000	31.62302
4125000	4150000	79.45141
4150000	4150000	260.94318
