3090000	3090000	0.9728417
3090000	3100000	1.4524335
3100000	3100000	1.1956474
3090000	3110000	1.4826367
3100000	3110000	1.092058
3110000	3110000	1.0607749
3090000	3120000	1.7841345
3100000	3120000	1.8640705
3110000	3120000	1.2542453
3120000	3120000	0.9537229
3090000	3130000	2.285998
3100000	3130000	1.4932518
3110000	3130000	1.3035864
3120000	3130000	1.5069925
3130000	3130000	0.9404507
3090000	3140000	1.149091
3100000	3140000	1.2356396
3110000	3140000	1.4850852
3120000	3140000	1.2162049
3130000	3140000	0.9199042
3140000	3140000	0.9936422
3090000	3150000	1.2756443
3100000	3150000	1.5982968
3110000	3150000	0.89874685
3120000	3150000	1.3299792
3130000	3150000	1.1673576
3140000	3150000	1.3941377
3150000	3150000	1.0985324
3090000	3160000	1.7892765
3100000	3160000	0.7834183
3110000	3160000	1.642533
3120000	3160000	2.0217125
3130000	3160000	1.1222733
3140000	3160000	1.973403
3150000	3160000	1.6379551
3160000	3160000	0.86004823
3090000	3170000	2.1424458
3100000	3170000	1.0623022
3110000	3170000	1.4755605
3120000	3170000	1.6123283
3130000	3170000	1.6949338
3140000	3170000	1.9957844
3150000	3170000	1.7251484
3160000	3170000	1.4006284
3170000	3170000	0.98241806
3090000	3180000	1.9944453
3100000	3180000	0.83055544
3110000	3180000	1.5074657
3120000	3180000	1.375001
3130000	3180000	1.9122152
3140000	3180000	1.5515547
3150000	3180000	1.6124524
3160000	3180000	1.5274271
3170000	3180000	1.2504857
3180000	3180000	0.7489565
3090000	3190000	1.7089347
3100000	3190000	0.2521882
3110000	3190000	1.5377008
3120000	3190000	1.5272708
3130000	3190000	0.47991002
3140000	3190000	2.1710973
3150000	3190000	1.4399302
3160000	3190000	1.3023036
3170000	3190000	1.417271
3180000	3190000	1.2975881
3190000	3190000	0.9876868
3090000	3200000	1.3570281
3100000	3200000	1.3372566
3110000	3200000	1.6511123
3120000	3200000	0.82638097
3130000	3200000	1.7593744
3140000	3200000	1.4357022
3150000	3200000	2.5148065
3160000	3200000	1.0200835
3170000	3200000	1.7050905
3180000	3200000	1.008294
3190000	3200000	1.2167019
3200000	3200000	1.0712523
3090000	3210000	1.2779763
3100000	3210000	2.4097075
3110000	3210000	1.4900954
3120000	3210000	1.3729031
3130000	3210000	2.2093706
3140000	3210000	2.0766234
3150000	3210000	1.4580489
3160000	3210000	1.3364716
3170000	3210000	1.3064772
3180000	3210000	1.2285032
3190000	3210000	1.4661388
3200000	3210000	0.8706923
3210000	3210000	1.000974
3090000	3220000	2.4857507
3100000	3220000	1.6460326
3110000	3220000	1.6525246
3120000	3220000	2.726074
3130000	3220000	2.0500243
3140000	3220000	2.284645
3150000	3220000	1.5396959
3160000	3220000	1.0819274
3170000	3220000	1.9474019
3180000	3220000	2.1418571
3190000	3220000	1.7449292
3200000	3220000	1.7712572
3210000	3220000	1.509963
3220000	3220000	0.9586522
3090000	3230000	1.1993914
3100000	3230000	1.7410461
3110000	3230000	1.989517
3120000	3230000	1.8630781
3130000	3230000	2.0270813
3140000	3230000	1.5439012
3150000	3230000	2.6215925
3160000	3230000	2.2466478
3170000	3230000	1.4926144
3180000	3230000	1.1335199
3190000	3230000	1.0426614
3200000	3230000	1.6114811
3210000	3230000	1.673787
3220000	3230000	1.3569039
3230000	3230000	1.0117855
3090000	3240000	3.3132415
3100000	3240000	2.3968115
3110000	3240000	2.2742374
3120000	3240000	2.0685492
3130000	3240000	1.1418674
3140000	3240000	2.4197996
3150000	3240000	1.4976571
3160000	3240000	1.6168945
3170000	3240000	1.679602
3180000	3240000	1.6949059
3190000	3240000	0.6458886
3200000	3240000	1.3656324
3210000	3240000	1.2031364
3220000	3240000	1.2072285
3230000	3240000	1.4913316
3240000	3240000	1.2502381
3090000	3250000	2.6069171
3100000	3250000	2.4538794
3110000	3250000	1.3261068
3120000	3250000	2.0656989
3130000	3250000	2.0137281
3140000	3250000	2.1650817
3150000	3250000	2.4607446
3160000	3250000	1.1411291
3170000	3250000	2.764814
3180000	3250000	1.6964564
3190000	3250000	1.5339966
3200000	3250000	2.4186385
3210000	3250000	1.7582854
3220000	3250000	0.8239712
3230000	3250000	1.4266068
3240000	3250000	1.29376
3250000	3250000	1.1890781
3090000	3260000	1.1997732
3100000	3260000	0.48533607
3110000	3260000	1.2286142
3120000	3260000	1.9075042
3130000	3260000	2.4769275
3140000	3260000	3.023327
3150000	3260000	2.852772
3160000	3260000	1.6195834
3170000	3260000	1.1036128
3180000	3260000	1.4039365
3190000	3260000	1.3547022
3200000	3260000	0.8086135
3210000	3260000	1.7808328
3220000	3260000	2.1691704
3230000	3260000	1.8223562
3240000	3260000	1.3639607
3250000	3260000	1.4904805
3260000	3260000	1.270959
3120000	3270000	8.794991
3130000	3270000	19.51317
3140000	3270000	8.460236
3170000	3270000	6.236029
3180000	3270000	5.0199995
3190000	3270000	13.018419
3200000	3270000	11.846009
3210000	3270000	4.1025624
3230000	3270000	3.673114
3100000	3310000	21.599089
3160000	3310000	22.344229
3180000	3310000	8.978244
3210000	3310000	8.080557
3220000	3310000	10.80597
3230000	3310000	8.315755
3240000	3310000	10.064631
3260000	3310000	8.926918
3110000	3350000	22.931965
3180000	3350000	15.536072
3190000	3350000	20.966501
3090000	3360000	2.5338373
3100000	3360000	1.8655957
3110000	3360000	4.394553
3120000	3360000	2.941817
3130000	3360000	0.47330958
3140000	3360000	1.6569047
3150000	3360000	2.6529548
3160000	3360000	2.671946
3170000	3360000	2.626192
3180000	3360000	1.3675252
3190000	3360000	1.4752595
3200000	3360000	3.168213
3210000	3360000	0.7776551
3220000	3360000	1.7701026
3230000	3360000	1.4131881
3240000	3360000	0.70484644
3250000	3360000	2.2485003
3260000	3360000	4.197963
3270000	3360000	8.653401
3350000	3360000	3.3146672
3360000	3360000	0.993902
3090000	3370000	4.189166
3100000	3370000	0.57294923
3110000	3370000	1.4706396
3120000	3370000	1.9387803
3130000	3370000	1.7487104
3140000	3370000	2.3015501
3150000	3370000	1.6368066
3160000	3370000	1.851445
3170000	3370000	1.2205548
3180000	3370000	1.2653775
3190000	3370000	2.063213
3200000	3370000	3.2795525
3210000	3370000	2.6637623
3220000	3370000	1.9918543
3230000	3370000	2.1132908
3240000	3370000	3.0085764
3250000	3370000	2.648277
3260000	3370000	1.003411
3310000	3370000	8.354986
3350000	3370000	5.698419
3360000	3370000	1.3568994
3370000	3370000	0.94555426
3090000	3380000	5.0530043
3100000	3380000	3.863251
3110000	3380000	1.4920307
3120000	3380000	1.5717899
3130000	3380000	3.5533712
3140000	3380000	5.2020226
3150000	3380000	2.2254581
3160000	3380000	1.2578534
3170000	3380000	3.3113077
3180000	3380000	3.7992165
3190000	3380000	1.8686503
3200000	3380000	2.693647
3210000	3380000	2.6498783
3220000	3380000	0.91067564
3230000	3380000	0.36369517
3240000	3380000	2.7523236
3250000	3380000	2.2128863
3260000	3380000	3.7016768
3360000	3380000	1.9027425
3370000	3380000	1.4219679
3380000	3380000	1.5315995
3090000	3390000	1.7478446
3100000	3390000	1.4359863
3110000	3390000	2.755734
3120000	3390000	1.9413607
3130000	3390000	2.19193
3140000	3390000	3.860614
3150000	3390000	2.066737
3160000	3390000	2.3423123
3170000	3390000	3.466283
3180000	3390000	0.962493
3190000	3390000	2.6195898
3200000	3390000	3.7589788
3210000	3390000	2.1735594
3220000	3390000	2.132552
3230000	3390000	1.7080387
3240000	3390000	1.2974796
3250000	3390000	2.4260423
3260000	3390000	1.3238444
3360000	3390000	1.965018
3370000	3390000	1.024109
3380000	3390000	1.5450732
3390000	3390000	1.3041855
3090000	3400000	3.7275817
3100000	3400000	1.9646839
3110000	3400000	3.3763127
3120000	3400000	3.1024377
3130000	3400000	1.5058796
3140000	3400000	3.9738877
3150000	3400000	4.7396765
3160000	3400000	2.1509974
3170000	3400000	1.7729871
3180000	3400000	2.6568074
3190000	3400000	2.8072712
3200000	3400000	3.4738665
3210000	3400000	2.5708883
3220000	3400000	2.767544
3230000	3400000	2.8477075
3240000	3400000	3.213577
3250000	3400000	4.846764
3260000	3400000	4.100506
3360000	3400000	1.6427954
3370000	3400000	1.810094
3380000	3400000	1.2003925
3390000	3400000	1.8602879
3400000	3400000	1.0448369
3090000	3410000	2.0633767
3100000	3410000	1.6895573
3110000	3410000	2.1731405
3130000	3410000	0.6469218
3140000	3410000	2.854101
3150000	3410000	0.6120393
3160000	3410000	1.8565047
3170000	3410000	4.136158
3180000	3410000	1.1507391
3190000	3410000	2.0831068
3200000	3410000	2.0015152
3210000	3410000	1.1177102
3220000	3410000	1.0266389
3230000	3410000	1.2418381
3240000	3410000	1.5753212
3250000	3410000	2.9648454
3260000	3410000	1.6186128
3270000	3410000	13.629861
3310000	3410000	15.50634
3350000	3410000	16.227365
3360000	3410000	2.4235942
3370000	3410000	1.8509477
3380000	3410000	0.59886956
3390000	3410000	1.0878702
3400000	3410000	1.2629592
3410000	3410000	1.1471049
3090000	3420000	1.130709
3100000	3420000	2.7916656
3110000	3420000	2.6895704
3120000	3420000	1.8930545
3130000	3420000	4.293038
3140000	3420000	2.8233562
3150000	3420000	4.048815
3160000	3420000	2.300119
3170000	3420000	0.7611397
3180000	3420000	1.9079117
3190000	3420000	3.029842
3200000	3420000	4.1562
3210000	3420000	3.0893602
3220000	3420000	1.7129601
3230000	3420000	3.437694
3240000	3420000	2.6364667
3250000	3420000	2.8331888
3260000	3420000	3.6189904
3360000	3420000	1.1040806
3370000	3420000	1.9213018
3380000	3420000	1.9585179
3390000	3420000	2.3143396
3400000	3420000	1.4615169
3410000	3420000	0.8939985
3420000	3420000	1.1080048
3090000	3430000	3.8626676
3100000	3430000	3.5611165
3110000	3430000	3.0651379
3120000	3430000	4.03994
3130000	3430000	6.3999734
3140000	3430000	2.4230175
3150000	3430000	5.179671
3160000	3430000	3.2796352
3170000	3430000	3.2521105
3180000	3430000	1.6345791
3190000	3430000	0.7424568
3200000	3430000	2.8590696
3210000	3430000	2.6548135
3220000	3430000	1.4695208
3230000	3430000	3.560541
3240000	3430000	2.2652373
3250000	3430000	2.4528253
3260000	3430000	3.130667
3360000	3430000	0.8145452
3370000	3430000	1.9757086
3380000	3430000	1.1472431
3390000	3430000	1.761866
3400000	3430000	1.5011653
3410000	3430000	1.2232385
3420000	3430000	1.3674403
3430000	3430000	1.2328597
3090000	3440000	3.6032546
3100000	3440000	1.7829688
3110000	3440000	1.1461036
3120000	3440000	1.8219095
3130000	3440000	4.1178966
3140000	3440000	1.8151153
3150000	3440000	2.6059983
3160000	3440000	2.9516313
3170000	3440000	3.4252489
3180000	3440000	2.4566264
3190000	3440000	2.7967985
3200000	3440000	1.6172515
3210000	3440000	2.4089394
3220000	3440000	2.7762177
3230000	3440000	3.581422
3240000	3440000	2.29241
3250000	3440000	2.316543
3260000	3440000	2.383418
3360000	3440000	3.5747793
3370000	3440000	0.80110544
3380000	3440000	0.9509694
3390000	3440000	1.5125922
3400000	3440000	1.5313599
3410000	3440000	0.7891873
3420000	3440000	0.83980775
3430000	3440000	1.2487904
3440000	3440000	1.0560776
3090000	3450000	3.691778
3100000	3450000	1.8215101
3110000	3450000	4.124117
3130000	3450000	4.943257
3140000	3450000	1.2435044
3150000	3450000	2.672465
3160000	3450000	1.5247041
3170000	3450000	4.019108
3180000	3450000	2.5300448
3190000	3450000	0.5754196
3200000	3450000	1.111979
3210000	3450000	2.0726523
3220000	3450000	1.7242715
3230000	3450000	1.3893602
3240000	3450000	1.7755978
3250000	3450000	3.3697562
3360000	3450000	0.35223192
3370000	3450000	1.1667829
3380000	3450000	1.4076424
3390000	3450000	0.85820925
3400000	3450000	1.5747969
3410000	3450000	1.2054167
3420000	3450000	0.63575876
3430000	3450000	0.9999125
3440000	3450000	1.2203397
3450000	3450000	1.1478912
3090000	3460000	4.7143764
3100000	3460000	1.456421
3110000	3460000	0.9394323
3120000	3460000	2.9929862
3130000	3460000	1.1283764
3140000	3460000	6.9895787
3160000	3460000	1.6269603
3170000	3460000	2.4302955
3180000	3460000	4.0543246
3190000	3460000	1.8499007
3200000	3460000	2.678095
3210000	3460000	2.6691406
3220000	3460000	1.8524264
3230000	3460000	1.4964739
3240000	3460000	1.9112879
3250000	3460000	0.77595437
3260000	3460000	0.9994683
3360000	3460000	0.58851933
3370000	3460000	0.9869085
3380000	3460000	1.1999652
3390000	3460000	1.4870479
3400000	3460000	1.5937954
3410000	3460000	0.44223303
3420000	3460000	0.30312666
3430000	3460000	0.82702225
3440000	3460000	1.3725886
3450000	3460000	0.7166374
3460000	3460000	1.7984909
3090000	3470000	1.4255474
3100000	3470000	1.7583759
3110000	3470000	2.2725155
3200000	3470000	1.0853369
3210000	3470000	0.81035566
3260000	3470000	1.218515
3370000	3470000	1.8707952
3380000	3470000	1.5353646
3390000	3470000	1.9175969
3410000	3470000	2.962056
3420000	3470000	1.261698
3440000	3470000	1.4311014
3450000	3470000	1.0838337
3460000	3470000	0.88321483
3470000	3470000	1.9111998
3090000	3480000	3.4904094
3120000	3480000	1.9641788
3130000	3480000	2.2292047
3140000	3480000	0.9883829
3150000	3480000	3.1847587
3180000	3480000	1.3465663
3190000	3480000	0.9226915
3200000	3480000	1.7754501
3210000	3480000	0.6648643
3220000	3480000	2.7725222
3230000	3480000	0.7493252
3240000	3480000	2.8816361
3360000	3480000	1.8690472
3370000	3480000	0.5309367
3380000	3480000	0.65469223
3390000	3480000	0.55192053
3410000	3480000	0.52393645
3420000	3480000	2.2811563
3430000	3480000	1.1169729
3440000	3480000	1.0448335
3450000	3480000	1.1438826
3460000	3480000	1.6901623
3470000	3480000	0.6250424
3480000	3480000	1.505219
3090000	3490000	1.5943784
3110000	3490000	1.2683716
3140000	3490000	2.7004974
3160000	3490000	1.1074041
3170000	3490000	2.209382
3180000	3490000	1.8503878
3190000	3490000	3.7959144
3220000	3490000	1.2727511
3230000	3490000	1.0307765
3250000	3490000	4.3156548
3360000	3490000	1.7666597
3380000	3490000	0.93563694
3420000	3490000	0.56440586
3440000	3490000	0.5473508
3450000	3490000	1.8690858
3460000	3490000	1.7965149
3470000	3490000	1.0707858
3480000	3490000	1.1134479
3490000	3490000	1.4938922
3120000	3500000	2.1629026
3140000	3500000	2.174398
3150000	3500000	2.3435137
3170000	3500000	1.7775408
3190000	3500000	4.087372
3210000	3500000	1.4822363
3220000	3500000	4.107747
3230000	3500000	1.6685461
3250000	3500000	1.7489669
3360000	3500000	2.900989
3400000	3500000	1.1081667
3440000	3500000	0.976229
3450000	3500000	0.86316353
3460000	3500000	1.1501151
3470000	3500000	1.1148276
3480000	3500000	1.3452353
3490000	3500000	0.46959984
3500000	3500000	2.1362357
3120000	3510000	1.3884583
3170000	3510000	1.1451157
3180000	3510000	0.95982754
3200000	3510000	1.272859
3210000	3510000	2.8573759
3230000	3510000	2.146864
3360000	3510000	1.9053903
3390000	3510000	0.87586886
3400000	3510000	0.74210495
3420000	3510000	1.97434
3440000	3510000	0.6790934
3450000	3510000	2.4549644
3470000	3510000	0.8535826
3480000	3510000	1.6750615
3490000	3510000	2.8273034
3500000	3510000	1.85612
3510000	3510000	1.5147673
3120000	3520000	1.2883086
3140000	3520000	1.2926528
3150000	3520000	4.1795125
3160000	3520000	1.0626751
3170000	3520000	1.0592263
3190000	3520000	1.2213538
3200000	3520000	1.1858307
3230000	3520000	1.0041058
3250000	3520000	1.0512509
3360000	3520000	2.702296
3380000	3520000	1.9468197
3410000	3520000	1.6924924
3430000	3520000	0.99325854
3450000	3520000	1.8507382
3460000	3520000	3.4808404
3470000	3520000	1.8166292
3480000	3520000	1.2354867
3500000	3520000	1.6147722
3510000	3520000	2.905519
3520000	3520000	1.0613427
3120000	3530000	1.7031516
3180000	3530000	1.1744717
3250000	3530000	1.3887464
3260000	3530000	1.7992904
3360000	3530000	1.206965
3380000	3530000	2.6256921
3390000	3530000	1.130299
3400000	3530000	1.9309487
3450000	3530000	3.4682972
3480000	3530000	0.9341536
3510000	3530000	1.3062181
3520000	3530000	0.92622703
3530000	3530000	1.2264011
3090000	3540000	1.2053556
3100000	3540000	1.4930955
3110000	3540000	0.9612218
3120000	3540000	2.0445573
3130000	3540000	1.1654958
3140000	3540000	2.055282
3150000	3540000	2.2146494
3160000	3540000	1.6863589
3170000	3540000	0.84043133
3180000	3540000	2.1244783
3190000	3540000	0.9713756
3200000	3540000	0.9450934
3210000	3540000	0.70686394
3220000	3540000	0.9884427
3250000	3540000	2.5330606
3370000	3540000	1.2751051
3400000	3540000	0.59360445
3410000	3540000	1.431194
3420000	3540000	1.0873954
3430000	3540000	0.86047435
3440000	3540000	1.1801872
3450000	3540000	1.1061304
3460000	3540000	0.79908246
3470000	3540000	3.4657998
3480000	3540000	1.8714952
3490000	3540000	2.2127423
3510000	3540000	1.0183898
3520000	3540000	1.3966507
3530000	3540000	2.1110587
3540000	3540000	1.6513634
3100000	3550000	2.5615318
3130000	3550000	1.9988801
3150000	3550000	1.9081761
3160000	3550000	1.4525566
3170000	3550000	1.4479606
3200000	3550000	3.247136
3230000	3550000	2.7726781
3250000	3550000	1.4560294
3370000	3550000	1.1173198
3400000	3550000	2.0925803
3420000	3550000	1.9387358
3430000	3550000	4.571901
3440000	3550000	1.0604697
3460000	3550000	2.9127395
3480000	3550000	2.329123
3510000	3550000	1.0462587
3520000	3550000	3.1113305
3530000	3550000	0.75796545
3540000	3550000	0.6986788
3550000	3550000	1.9646395
3110000	3560000	3.2333724
3120000	3560000	2.2922711
3130000	3560000	1.2982625
3170000	3560000	0.9444466
3180000	3560000	0.79442906
3190000	3560000	1.0896958
3200000	3560000	3.1772246
3210000	3560000	1.5897037
3220000	3560000	1.1138023
3230000	3560000	0.90360606
3250000	3560000	1.9052414
3260000	3560000	1.233132
3390000	3560000	3.2470572
3400000	3560000	2.0868688
3430000	3560000	1.0287607
3440000	3560000	2.844484
3450000	3560000	3.3870885
3460000	3560000	1.9852011
3470000	3560000	2.1964974
3480000	3560000	1.6198305
3490000	3560000	1.9895341
3500000	3560000	1.4130636
3510000	3560000	1.5657551
3520000	3560000	0.6051302
3530000	3560000	3.196579
3540000	3560000	2.279531
3550000	3560000	2.0013013
3560000	3560000	1.3214531
3090000	3570000	1.9796394
3120000	3570000	3.3723047
3130000	3570000	1.921773
3150000	3570000	1.8357816
3160000	3570000	1.4041162
3180000	3570000	1.173591
3190000	3570000	1.6099352
3210000	3570000	1.1743115
3230000	3570000	1.3395985
3240000	3570000	1.7226356
3250000	3570000	2.8268154
3260000	3570000	5.481781
3380000	3570000	1.3981941
3390000	3570000	1.2199447
3400000	3570000	1.0445817
3440000	3570000	1.0872346
3450000	3570000	2.057656
3490000	3570000	4.7006807
3500000	3570000	2.262066
3510000	3570000	2.562015
3520000	3570000	2.051042
3530000	3570000	1.1264684
3540000	3570000	0.5443303
3550000	3570000	2.0796196
3560000	3570000	1.3825742
3570000	3570000	2.2439187
3150000	3580000	1.4283097
3160000	3580000	1.0922257
3190000	3580000	1.2579248
3210000	3580000	1.8319284
3220000	3580000	3.8464096
3240000	3580000	4.0522375
3250000	3580000	2.2071543
3370000	3580000	0.86829215
3380000	3580000	1.1079973
3400000	3580000	0.83030415
3410000	3580000	1.0033754
3430000	3580000	1.2389896
3450000	3580000	3.3278763
3460000	3580000	2.4575443
3470000	3580000	2.7636635
3480000	3580000	2.0669343
3500000	3580000	5.6536546
3510000	3580000	2.1692514
3520000	3580000	3.5501528
3530000	3580000	1.0097164
3540000	3580000	2.5364177
3550000	3580000	0.70041317
3560000	3580000	2.3640687
3570000	3580000	1.017039
3580000	3580000	1.4966632
3120000	3590000	1.8595867
3130000	3590000	3.153779
3140000	3590000	1.8800048
3160000	3590000	2.3194344
3170000	3590000	3.8698978
3180000	3590000	1.3078989
3190000	3590000	1.7889926
3210000	3590000	0.6511985
3220000	3590000	0.9098641
3230000	3590000	1.484098
3250000	3590000	0.7872815
3360000	3590000	1.437605
3370000	3590000	0.62327856
3380000	3590000	0.79399556
3400000	3590000	0.5959084
3410000	3590000	0.7256136
3430000	3590000	1.7955278
3440000	3590000	0.6300984
3450000	3590000	3.0156019
3460000	3590000	3.6161203
3470000	3590000	3.0296633
3480000	3590000	1.5327964
3490000	3590000	0.96211815
3500000	3590000	5.6692867
3510000	3590000	1.6442194
3520000	3590000	3.418475
3530000	3590000	3.9752004
3540000	3590000	1.2410793
3550000	3590000	1.7816031
3560000	3590000	1.8627393
3570000	3590000	2.0342336
3580000	3590000	2.1600795
3590000	3590000	1.3917911
3110000	3600000	0.9002746
3130000	3600000	1.0892586
3140000	3600000	0.9594848
3160000	3600000	0.7996112
3170000	3600000	2.3864143
3180000	3600000	1.3439319
3190000	3600000	1.8518503
3200000	3600000	1.7915087
3210000	3600000	2.6885211
3220000	3600000	0.93920004
3230000	3600000	0.76457757
3250000	3600000	1.6206263
3260000	3600000	3.1652658
3360000	3600000	2.243095
3370000	3600000	1.300014
3390000	3600000	1.4438088
3400000	3600000	2.4951952
3410000	3600000	0.75612634
3420000	3600000	1.17783
3430000	3600000	0.9419093
3440000	3600000	1.988707
3450000	3600000	1.9107652
3460000	3600000	2.8546157
3470000	3600000	3.2363286
3480000	3600000	2.4397223
3490000	3600000	4.143743
3510000	3600000	1.7954234
3520000	3600000	1.5048352
3530000	3600000	1.7784475
3540000	3600000	0.47294927
3550000	3600000	0.7031757
3560000	3600000	2.293159
3570000	3600000	2.2625856
3580000	3600000	1.0455105
3590000	3600000	1.4203879
3600000	3600000	1.3621587
3090000	3610000	5.8871512
3110000	3610000	0.94502604
3120000	3610000	3.0057454
3130000	3610000	3.422418
3140000	3610000	7.085529
3150000	3610000	1.086819
3160000	3610000	0.8368224
3170000	3610000	0.8376408
3180000	3610000	2.1094966
3200000	3610000	0.9440639
3210000	3610000	0.7065439
3220000	3610000	0.98699135
3230000	3610000	0.80355996
3250000	3610000	4.2580776
3260000	3610000	2.2113469
3360000	3610000	2.3730562
3370000	3610000	1.376829
3390000	3610000	0.76605123
3400000	3610000	0.6608238
3420000	3610000	0.62482256
3430000	3610000	2.013923
3440000	3610000	2.1243834
3450000	3610000	5.457986
3460000	3610000	3.069339
3470000	3610000	2.3121712
3480000	3610000	2.6534674
3490000	3610000	2.2384255
3500000	3610000	3.3515081
3510000	3610000	1.9715341
3520000	3610000	0.8365294
3530000	3610000	2.9891243
3540000	3610000	1.6157457
3550000	3610000	2.4554808
3560000	3610000	1.8430293
3570000	3610000	2.2687793
3580000	3610000	0.35519677
3590000	3610000	1.8665926
3600000	3610000	1.1782156
3610000	3610000	1.3408742
3090000	3620000	0.8882426
3110000	3620000	2.1430454
3120000	3620000	3.035674
3140000	3620000	3.0599227
3150000	3620000	0.8273491
3160000	3620000	0.62755674
3170000	3620000	1.897706
3180000	3620000	1.0686026
3190000	3620000	0.73147565
3200000	3620000	2.1381412
3210000	3620000	2.1493497
3230000	3620000	1.218706
3250000	3620000	1.289357
3260000	3620000	4.1925964
3270000	3620000	21.671513
3380000	3620000	0.67152077
3390000	3620000	0.5869542
3400000	3620000	2.024041
3410000	3620000	1.2320864
3420000	3620000	0.48054308
3430000	3620000	1.5418509
3440000	3620000	3.2776465
3450000	3620000	1.5776882
3460000	3620000	1.5816317
3470000	3620000	3.587919
3480000	3620000	2.051955
3490000	3620000	2.6351337
3500000	3620000	1.3064282
3510000	3620000	4.6788654
3520000	3620000	7.29133
3530000	3620000	2.3980691
3540000	3620000	0.8709413
3550000	3620000	0.67258614
3560000	3620000	1.5480291
3570000	3620000	2.4671016
3580000	3620000	0.6425274
3590000	3620000	0.5491195
3600000	3620000	1.1172818
3610000	3620000	1.4211354
3620000	3620000	1.3032646
3090000	3630000	0.6489731
3100000	3630000	3.2077942
3110000	3630000	2.080055
3130000	3630000	1.8913164
3140000	3630000	1.1162138
3150000	3630000	1.2069458
3160000	3630000	1.3832431
3170000	3630000	1.8313867
3180000	3630000	0.3894294
3190000	3630000	1.6093202
3200000	3630000	1.0388275
3210000	3630000	1.1745586
3220000	3630000	2.1981387
3230000	3630000	0.8922217
3240000	3630000	0.57552606
3250000	3630000	1.4156283
3260000	3630000	1.2252798
3270000	3630000	15.86237
3360000	3630000	0.44315237
3370000	3630000	0.77244484
3380000	3630000	1.4843255
3390000	3630000	0.8658732
3400000	3630000	0.37419534
3410000	3630000	1.3658364
3420000	3630000	0.7090741
3430000	3630000	1.7167299
3440000	3630000	3.229186
3450000	3630000	1.9577707
3460000	3630000	2.353345
3470000	3630000	2.0074668
3480000	3630000	3.0731456
3490000	3630000	3.2779188
3500000	3630000	2.9687133
3510000	3630000	2.3470225
3520000	3630000	2.024332
3530000	3630000	3.667898
3540000	3630000	1.6859288
3550000	3630000	2.0994606
3560000	3630000	0.92080075
3570000	3630000	1.1999906
3580000	3630000	1.3486806
3590000	3630000	1.5978312
3600000	3630000	1.1896083
3610000	3630000	1.0268425
3620000	3630000	0.95240045
3630000	3630000	0.9955506
3090000	3640000	0.7362654
3130000	3640000	0.7161773
3140000	3640000	2.541282
3150000	3640000	1.3711131
3170000	3640000	1.0475937
3180000	3640000	1.7555764
3190000	3640000	2.435243
3200000	3640000	0.59313476
3210000	3640000	2.22147
3220000	3640000	1.246953
3230000	3640000	2.5493646
3240000	3640000	1.9682425
3250000	3640000	1.0755236
3260000	3640000	2.7929854
3360000	3640000	1.0122446
3370000	3640000	1.769878
3380000	3640000	0.56618476
3400000	3640000	0.8595419
3410000	3640000	1.5727379
3420000	3640000	0.40798712
3430000	3640000	1.9721949
3440000	3640000	0.46654114
3450000	3640000	1.8020325
3460000	3640000	1.3641623
3470000	3640000	3.8758404
3480000	3640000	2.3798792
3500000	3640000	1.1500385
3510000	3640000	2.768199
3520000	3640000	2.3717465
3530000	3640000	1.4535242
3540000	3640000	2.4091544
3550000	3640000	1.8984447
3560000	3640000	1.1188815
3570000	3640000	1.4819095
3580000	3640000	1.0214533
3590000	3640000	1.4622613
3600000	3640000	2.1559894
3610000	3640000	1.059276
3620000	3640000	0.763469
3630000	3640000	1.487113
3640000	3640000	1.0730139
3090000	3650000	0.7306834
3100000	3650000	0.90446806
3110000	3650000	1.7582587
3120000	3650000	1.2434847
3130000	3650000	1.4187279
3140000	3650000	0.6306608
3160000	3650000	0.5198471
3170000	3650000	1.5595418
3180000	3650000	1.3162827
3200000	3650000	0.5882201
3210000	3650000	1.3300164
3230000	3650000	0.50548965
3240000	3650000	1.3104845
3250000	3650000	0.53568274
3260000	3650000	0.6953381
3370000	3650000	1.7663269
3380000	3650000	0.56679946
3390000	3650000	1.4900067
3400000	3650000	0.8617066
3410000	3650000	1.0522747
3420000	3650000	0.82103086
3430000	3650000	1.3221135
3440000	3650000	0.9366842
3450000	3650000	0.91000724
3460000	3650000	2.7430406
3470000	3650000	3.9264648
3480000	3650000	2.409068
3490000	3650000	7.759263
3510000	3650000	2.1083817
3520000	3650000	1.2222039
3530000	3650000	1.488107
3540000	3650000	2.502743
3550000	3650000	2.6339417
3560000	3650000	0.39293173
3570000	3650000	0.5244984
3580000	3650000	1.4696925
3590000	3650000	0.9216593
3600000	3650000	1.4367619
3610000	3650000	1.4379054
3620000	3650000	1.3108796
3630000	3650000	1.5366868
3640000	3650000	1.7163182
3650000	3650000	1.0172141
3090000	3660000	1.5757173
3110000	3660000	1.8949044
3120000	3660000	1.3438504
3130000	3660000	0.76396537
3140000	3660000	0.6790721
3150000	3660000	0.73589957
3160000	3660000	2.8107224
3170000	3660000	1.6829815
3180000	3660000	0.4733826
3190000	3660000	1.3031915
3200000	3660000	0.62974924
3210000	3660000	0.4779623
3230000	3660000	3.2694697
3240000	3660000	2.1185803
3250000	3660000	0.58159906
3260000	3660000	2.258949
3360000	3660000	0.55078566
3370000	3660000	0.964158
3380000	3660000	1.8448026
3390000	3660000	1.0810348
3400000	3660000	1.8734261
3410000	3660000	1.720221
3420000	3660000	2.6873004
3430000	3660000	2.1692746
3440000	3660000	3.5837927
3450000	3660000	0.49654606
3460000	3660000	1.5058645
3470000	3660000	1.7166009
3480000	3660000	1.3265584
3490000	3660000	1.7077178
3500000	3660000	6.465044
3510000	3660000	1.5568929
3520000	3660000	2.0239375
3530000	3660000	2.5009341
3540000	3660000	1.8569847
3550000	3660000	0.74365115
3560000	3660000	2.2224298
3570000	3660000	1.2014341
3580000	3660000	0.84822625
3590000	3660000	1.3515158
3610000	3660000	0.44644013
3620000	3660000	0.8463178
3630000	3660000	1.6548023
3640000	3660000	1.4638091
3650000	3660000	1.0966499
3660000	3660000	0.97373116
3110000	3670000	2.6811788
3130000	3670000	1.0828202
3140000	3670000	0.9591634
3150000	3670000	1.039228
3180000	3670000	0.66998756
3190000	3670000	0.92200834
3200000	3670000	0.8975931
3210000	3670000	1.3422198
3220000	3670000	0.94826394
3250000	3670000	0.8220868
3270000	3670000	27.632986
3360000	3670000	1.5688188
3370000	3670000	0.6851442
3410000	3670000	1.6349792
3420000	3670000	0.64017844
3450000	3670000	1.4237816
3460000	3670000	4.310551
3470000	3670000	3.7078013
3480000	3670000	3.8030865
3490000	3670000	1.2332911
3520000	3670000	0.9800512
3530000	3670000	2.414045
3570000	3670000	0.8912163
3580000	3670000	1.2741181
3590000	3670000	1.2276082
3600000	3670000	1.8933225
3610000	3670000	2.8083444
3620000	3670000	1.1487284
3630000	3670000	0.98081493
3640000	3670000	1.6637375
3650000	3670000	1.6016395
3660000	3670000	1.403435
3670000	3670000	1.0424637
3090000	3680000	0.7507287
3100000	3680000	0.929244
3110000	3680000	1.2079827
3120000	3680000	0.6422011
3130000	3680000	2.1942658
3140000	3680000	0.64969605
3150000	3680000	0.70149153
3160000	3680000	0.53693503
3170000	3680000	1.0762523
3180000	3680000	1.8163778
3190000	3680000	1.2472521
3210000	3680000	1.8285228
3220000	3680000	1.2726066
3230000	3680000	0.5238417
3240000	3680000	0.67881835
3250000	3680000	1.1108836
3260000	3680000	1.448546
3370000	3680000	0.93262494
3380000	3680000	1.7940223
3390000	3680000	1.5787616
3400000	3680000	2.2728343
3410000	3680000	0.55761194
3420000	3680000	1.7446778
3430000	3680000	1.4135199
3440000	3680000	0.5022433
3450000	3680000	1.464186
3470000	3680000	1.6907407
3480000	3680000	1.962855
3490000	3680000	1.6897029
3500000	3680000	1.2881122
3510000	3680000	1.5540446
3530000	3680000	1.6759198
3540000	3680000	0.94405365
3550000	3680000	2.2868097
3560000	3680000	0.45924434
3570000	3680000	0.6308314
3580000	3680000	1.3550302
3590000	3680000	1.1749825
3600000	3680000	1.0958142
3610000	3680000	0.51622397
3620000	3680000	0.69066805
3630000	3680000	2.181318
3640000	3680000	1.3464576
3650000	3680000	2.1493168
3660000	3680000	1.2569748
3670000	3680000	1.388212
3680000	3680000	0.97265977
3090000	3690000	2.6368608
3110000	3690000	1.4046761
3120000	3690000	0.7494346
3140000	3690000	3.7890325
3150000	3690000	3.2819843
3160000	3690000	1.2516987
3170000	3690000	1.2542317
3180000	3690000	1.060704
3190000	3690000	0.72986096
3200000	3690000	2.126758
3210000	3690000	1.0675749
3220000	3690000	1.4968469
3230000	3690000	0.60697585
3370000	3690000	2.1949527
3380000	3690000	2.1084309
3390000	3690000	1.8516192
3400000	3690000	1.611275
3410000	3690000	1.3094981
3420000	3690000	1.5412134
3430000	3690000	3.3260026
3440000	3690000	2.9620445
3450000	3690000	2.8815362
3460000	3690000	3.4963882
3470000	3690000	4.0006657
3480000	3690000	1.5455579
3500000	3690000	1.5237191
3520000	3690000	0.8072813
3530000	3690000	2.001505
3540000	3690000	2.2634504
3550000	3690000	1.8215644
3560000	3690000	1.6706501
3570000	3690000	0.7598716
3590000	3690000	0.7192601
3600000	3690000	1.6979164
3610000	3690000	1.2898136
3620000	3690000	1.973041
3630000	3690000	2.2646835
3640000	3690000	1.8097938
3650000	3690000	1.9639043
3660000	3690000	1.9044704
3670000	3690000	1.4728779
3680000	3690000	1.5643247
3690000	3690000	0.8589834
3100000	3700000	3.3204966
3110000	3700000	1.4290428
3120000	3700000	1.518522
3150000	3700000	2.501427
3160000	3700000	0.63777256
3170000	3700000	0.6368509
3180000	3700000	1.0769604
3200000	3700000	1.4457216
3220000	3700000	0.7614077
3230000	3700000	1.8660266
3240000	3700000	1.5991837
3250000	3700000	0.6629219
3370000	3700000	1.1195111
3380000	3700000	0.7205568
3390000	3700000	0.6319809
3410000	3700000	2.0220354
3430000	3700000	0.8532785
3440000	3700000	1.821694
3450000	3700000	1.7767434
3460000	3700000	0.8992504
3470000	3700000	2.0632045
3480000	3700000	4.7794037
3490000	3700000	2.0661783
3500000	3700000	1.5775172
3510000	3700000	0.9545035
3520000	3700000	2.5150058
3530000	3700000	1.0384313
3540000	3700000	1.177569
3570000	3700000	0.80279124
3580000	3700000	2.8968983
3590000	3700000	1.5318793
3600000	3700000	1.8111013
3610000	3700000	1.7411984
3620000	3700000	2.8633578
3630000	3700000	2.0354345
3640000	3700000	1.574078
3650000	3700000	1.3528504
3660000	3700000	2.1967437
3670000	3700000	1.52764
3680000	3700000	1.8808106
3690000	3700000	1.3310289
3700000	3700000	0.9516318
3100000	3710000	2.1081874
3110000	3710000	0.68817943
3120000	3710000	0.7293261
3130000	3710000	0.8306181
3140000	3710000	3.7003798
3150000	3710000	1.601806
3170000	3710000	0.61276704
3190000	3710000	0.7119791
3200000	3710000	2.7780252
3210000	3710000	1.0458889
3220000	3710000	1.4631089
3240000	3710000	0.7736688
3350000	3710000	37.25461
3360000	3710000	1.2324877
3370000	3710000	1.6242746
3380000	3710000	0.69400567
3400000	3710000	0.53059185
3420000	3710000	0.51083475
3430000	3710000	1.6484171
3440000	3710000	0.58836114
3450000	3710000	1.7195662
3460000	3710000	0.87255263
3480000	3710000	1.5515081
3490000	3710000	4.0218563
3510000	3710000	1.8661146
3520000	3710000	1.6315578
3540000	3710000	1.7305746
3550000	3710000	2.8036835
3560000	3710000	0.5716889
3570000	3710000	0.78906333
3580000	3710000	0.57794595
3590000	3710000	1.5179412
3610000	3710000	1.4028988
3620000	3710000	2.1898267
3630000	3710000	1.2872593
3640000	3710000	2.9592829
3650000	3710000	1.4442815
3660000	3710000	1.349419
3670000	3710000	1.1175686
3680000	3710000	1.6496284
3690000	3710000	2.1808207
3700000	3710000	1.2910233
3710000	3710000	0.9942467
3090000	3720000	0.88573515
3100000	3720000	1.09417
3110000	3720000	0.71072507
3130000	3720000	4.3261795
3160000	3720000	0.63743126
3180000	3720000	1.6162283
3210000	3720000	0.5448533
3220000	3720000	1.5275611
3250000	3720000	1.3260394
3360000	3720000	0.644164
3370000	3720000	0.564325
3400000	3720000	0.5569994
3410000	3720000	1.3635583
3420000	3720000	0.5344679
3430000	3720000	1.7374959
3440000	3720000	0.6163009
3450000	3720000	0.6022682
3460000	3720000	0.915774
3470000	3720000	2.1088142
3480000	3720000	1.6343275
3490000	3720000	1.0618683
3500000	3720000	3.235394
3510000	3720000	0.98311114
3520000	3720000	2.5943406
3530000	3720000	4.297831
3540000	3720000	0.6133748
3550000	3720000	0.99293983
3560000	3720000	0.6090728
3570000	3720000	1.6876881
3580000	3720000	2.4641037
3590000	3720000	1.6420313
3600000	3720000	1.1740785
3610000	3720000	1.5296744
3620000	3720000	0.7972216
3630000	3720000	1.4234475
3640000	3720000	0.91611254
3650000	3720000	1.3086759
3660000	3720000	1.4060278
3670000	3720000	0.957169
3680000	3720000	0.8659101
3690000	3720000	2.134494
3700000	3720000	1.6874455
3710000	3720000	0.866552
3720000	3720000	1.0309323
3100000	3730000	1.2787875
3110000	3730000	1.6521589
3130000	3730000	2.0238025
3150000	3730000	0.9684667
3160000	3730000	0.7430476
3170000	3730000	0.7436695
3180000	3730000	0.6276972
3190000	3730000	1.72992
3230000	3730000	0.72777385
3240000	3730000	0.9402331
3260000	3730000	1.0075537
3360000	3730000	1.5052141
3370000	3730000	1.3210454
3390000	3730000	1.500997
3400000	3730000	0.6514284
3420000	3730000	0.6274423
3430000	3730000	1.0177698
3440000	3730000	1.4547691
3450000	3730000	2.119213
3460000	3730000	2.1548905
3470000	3730000	2.4782758
3480000	3730000	1.9256049
3490000	3730000	1.2524787
3510000	3730000	1.1618457
3520000	3730000	1.0202689
3540000	3730000	1.4495319
3550000	3730000	1.1822094
3560000	3730000	0.72460115
3570000	3730000	1.006668
3590000	3730000	0.9798912
3600000	3730000	1.4221264
3610000	3730000	0.46013635
3620000	3730000	1.946688
3630000	3730000	0.87039536
3640000	3730000	1.3611941
3650000	3730000	2.0413692
3660000	3730000	1.3869293
3670000	3730000	1.737144
3680000	3730000	1.1625988
3690000	3730000	1.1350907
3700000	3730000	2.0895264
3710000	3730000	2.150511
3720000	3730000	1.4098748
3730000	3730000	1.0877066
3160000	3740000	0.75616235
3170000	3740000	0.7594962
3180000	3740000	0.6414208
3190000	3740000	0.8829317
3210000	3740000	0.646986
3230000	3740000	1.4877412
3360000	3740000	1.5435654
3420000	3740000	1.9385015
3440000	3740000	0.74659
3470000	3740000	1.2772881
3480000	3740000	1.9826261
3490000	3740000	2.5857754
3500000	3740000	3.9537377
3510000	3740000	1.2037312
3520000	3740000	1.0563865
3530000	3740000	1.3182825
3540000	3740000	1.5074329
3550000	3740000	2.4477022
3560000	3740000	0.7558451
3570000	3740000	1.0492487
3580000	3740000	0.7709928
3600000	3740000	0.49568486
3610000	3740000	0.9766073
3620000	3740000	0.6840455
3630000	3740000	1.6293119
3640000	3740000	1.4584365
3650000	3740000	1.1072452
3660000	3740000	1.0830988
3670000	3740000	1.3787166
3680000	3740000	1.1553657
3690000	3740000	1.6690141
3700000	3740000	1.9876077
3710000	3740000	1.754765
3720000	3740000	1.1863763
3730000	3740000	1.2130607
3740000	3740000	1.1322824
3090000	3750000	1.0343598
3110000	3750000	1.670939
3120000	3750000	0.888276
3150000	3750000	1.9613491
3160000	3750000	1.4945806
3190000	3750000	0.8725376
3200000	3750000	0.84946775
3210000	3750000	0.6404661
3230000	3750000	1.4673653
3360000	3750000	0.7653227
3390000	3750000	1.5220637
3400000	3750000	1.3257089
3410000	3750000	0.81716585
3420000	3750000	0.6402998
3440000	3750000	1.4852206
3450000	3750000	1.4501046
3460000	3750000	2.2143629
3470000	3750000	1.2693425
3490000	3750000	1.2873559
3530000	3750000	1.3200213
3560000	3750000	0.75671303
3570000	3750000	1.0584649
3590000	3750000	1.0390961
3600000	3750000	2.0116718
3610000	3750000	2.4689534
3620000	3750000	0.70202506
3630000	3750000	1.8983239
3640000	3750000	2.011593
3650000	3750000	1.1472962
3660000	3750000	1.3635335
3670000	3750000	0.8746458
3680000	3750000	2.305665
3690000	3750000	2.5664556
3700000	3750000	1.1305357
3710000	3750000	2.4645865
3720000	3750000	2.4992929
3730000	3750000	2.0683405
3740000	3750000	1.3264849
3750000	3750000	1.2478638
3110000	3760000	1.7109841
3130000	3760000	1.0418863
3150000	3760000	1.0013468
3160000	3760000	1.5433625
3180000	3760000	0.6497316
3210000	3760000	1.317771
3220000	3760000	1.8496894
3230000	3760000	1.5085232
3240000	3760000	0.9784281
3250000	3760000	0.8065488
3260000	3760000	1.0505911
3360000	3760000	1.5822424
3390000	3760000	1.570181
3400000	3760000	0.68504906
3410000	3760000	0.8420947
3420000	3760000	1.3280526
3430000	3760000	1.0766051
3440000	3760000	1.5415043
3450000	3760000	1.5031298
3470000	3760000	2.645606
3480000	3760000	1.0234172
3490000	3760000	1.3373668
3500000	3760000	2.0478063
3510000	3760000	1.2514943
3520000	3760000	1.1023331
3530000	3760000	1.3783029
3560000	3760000	0.7930931
3580000	3760000	2.4510064
3600000	3760000	0.52974427
3610000	3760000	1.566297
3620000	3760000	1.8495413
3630000	3760000	0.7613558
3640000	3760000	0.80142695
3650000	3760000	2.226283
3660000	3760000	2.2085502
3670000	3760000	1.9124815
3680000	3760000	1.367966
3690000	3760000	1.0264213
3700000	3760000	1.1091793
3710000	3760000	1.3839967
3720000	3760000	2.6787322
3730000	3760000	1.7588985
3740000	3760000	1.8094172
3750000	3760000	1.1069204
3760000	3760000	1.1240302
3090000	3770000	1.0229785
3100000	3770000	1.2608801
3120000	3770000	0.8712483
3130000	3770000	1.9959929
3140000	3770000	0.88599986
3160000	3770000	0.7332547
3190000	3770000	3.428553
3210000	3770000	1.2629108
3230000	3770000	0.7241007
3240000	3770000	1.8721038
3250000	3770000	1.5429335
3260000	3770000	2.0142095
3360000	3770000	0.7630018
3380000	3770000	0.85716605
3390000	3770000	0.7550687
3400000	3770000	0.6576515
3410000	3770000	0.8098819
3420000	3770000	0.63678575
3440000	3770000	0.7406772
3460000	3770000	2.2095513
3470000	3770000	2.546732
3500000	3770000	1.979694
3530000	3770000	2.671632
3540000	3770000	0.7639332
3550000	3770000	1.2451026
3560000	3770000	0.768839
3580000	3770000	0.7932268
3590000	3770000	1.0678356
3600000	3770000	1.0356866
3620000	3770000	1.4558655
3630000	3770000	0.99553174
3640000	3770000	0.7976408
3650000	3770000	0.4891226
3660000	3770000	1.4770855
3670000	3770000	0.9608923
3680000	3770000	1.1929462
3690000	3770000	1.0524644
3700000	3770000	3.0823193
3710000	3770000	1.8018006
3720000	3770000	0.88656366
3730000	3770000	2.305685
3740000	3770000	1.4211404
3750000	3770000	1.7362903
3760000	3770000	1.6916714
3770000	3770000	1.2090175
3170000	3780000	1.6355773
3180000	3780000	1.3923782
3210000	3780000	0.70366454
3220000	3780000	0.9872109
3240000	3780000	1.0454764
3260000	3780000	1.1207237
3370000	3780000	0.7479223
3390000	3780000	0.84479064
3410000	3780000	0.9045512
3420000	3780000	0.7125107
3430000	3780000	1.1592069
3440000	3780000	2.4948633
3450000	3780000	2.434728
3460000	3780000	2.4828615
3470000	3780000	2.8580844
3480000	3780000	3.3345942
3490000	3780000	4.362631
3500000	3780000	2.219735
3520000	3780000	1.1989307
3540000	3780000	1.7227597
3570000	3780000	2.429529
3580000	3780000	0.90008783
3610000	3780000	0.5820344
3620000	3780000	0.8301469
3630000	3780000	0.8547143
3640000	3780000	2.4268453
3650000	3780000	0.5663677
3660000	3780000	0.5663326
3670000	3780000	1.1215061
3680000	3780000	1.6270931
3690000	3780000	1.7440745
3700000	3780000	1.6086988
3710000	3780000	2.581677
3720000	3780000	1.4648981
3730000	3780000	2.5894332
3740000	3780000	2.3705633
3750000	3780000	1.6328403
3760000	3780000	1.7271417
3770000	3780000	1.4107687
3780000	3780000	1.0800998
3110000	3790000	0.95679814
3130000	3790000	1.1556433
3200000	3790000	1.9482476
3210000	3790000	2.200927
3230000	3790000	0.8443461
3240000	3790000	2.1867325
3250000	3790000	0.90049833
3310000	3790000	39.69448
3370000	3790000	0.7822133
3380000	3790000	2.0213938
3390000	3790000	1.7754774
3410000	3790000	1.9006855
3420000	3790000	0.74721557
3430000	3790000	1.2178731
3440000	3790000	1.7423841
3450000	3790000	1.711192
3460000	3790000	5.2128725
3470000	3790000	1.507775
3480000	3790000	1.1712688
3540000	3790000	0.9109729
3550000	3790000	1.4902045
3560000	3790000	0.92198163
3580000	3790000	0.9531834
3600000	3790000	1.2502419
3610000	3790000	2.4880714
3620000	3790000	0.8864769
3630000	3790000	2.1355238
3640000	3790000	0.97818494
3650000	3790000	0.6067468
3660000	3790000	1.2314742
3670000	3790000	0.8074964
3680000	3790000	0.76419747
3690000	3790000	1.6409905
3700000	3790000	1.5325004
3710000	3790000	2.0019958
3720000	3790000	1.2507089
3730000	3790000	1.9369617
3740000	3790000	2.2855005
3750000	3790000	1.5737942
3760000	3790000	2.346275
3770000	3790000	2.0386443
3780000	3790000	1.056733
3790000	3790000	1.244022
3090000	3800000	1.0428572
3100000	3800000	2.60526
3120000	3800000	0.90498257
3150000	3800000	0.9894316
3160000	3800000	2.2810495
3170000	3800000	0.7609459
3210000	3800000	0.6530228
3240000	3800000	2.919535
3250000	3800000	0.8006596
3260000	3800000	1.0442895
3270000	3800000	27.03839
3360000	3800000	0.79562616
3370000	3800000	0.6956638
3380000	3800000	2.696028
3400000	3800000	2.0719366
3420000	3800000	1.3348627
3430000	3800000	2.1717017
3440000	3800000	3.8907974
3450000	3800000	0.7620276
3460000	3800000	2.3361475
3470000	3800000	1.345689
3480000	3800000	1.0506587
3490000	3800000	1.3699796
3500000	3800000	4.20472
3520000	3800000	1.1332961
3580000	3800000	0.85964394
3600000	3800000	0.5662499
3610000	3800000	1.1217625
3620000	3800000	0.8054437
3630000	3800000	1.1078794
3640000	3800000	0.8905151
3650000	3800000	0.554458
3660000	3800000	0.28040642
3670000	3800000	1.4928217
3680000	3800000	2.5728877
3690000	3800000	1.2741143
3700000	3800000	1.6685869
3710000	3800000	1.4713125
3720000	3800000	2.9776385
3730000	3800000	2.082954
3740000	3800000	1.50732
3750000	3800000	1.7737564
3760000	3800000	0.97199863
3770000	3800000	1.1772699
3780000	3800000	1.5933295
3790000	3800000	0.9004223
3800000	3800000	1.1319842
3090000	3810000	3.0613174
3120000	3810000	1.3175719
3170000	3810000	3.347903
3180000	3810000	0.94242316
3190000	3810000	1.294634
3200000	3810000	2.5295894
3220000	3810000	1.3435304
3230000	3810000	1.0975584
3370000	3810000	1.0263414
3380000	3810000	1.3175668
3400000	3810000	1.019828
3450000	3810000	1.1220719
3460000	3810000	1.7150131
3510000	3810000	1.8995464
3530000	3810000	2.1026473
3550000	3810000	1.9809476
3560000	3810000	1.2300925
3580000	3810000	3.8366313
3590000	3810000	0.86011976
3600000	3810000	2.5213308
3610000	3810000	0.8375492
3620000	3810000	1.7959316
3630000	3810000	1.2445625
3640000	3810000	1.3327926
3650000	3810000	0.83211666
3660000	3810000	0.42241988
3680000	3810000	0.7128378
3690000	3810000	1.157174
3700000	3810000	2.5628762
3710000	3810000	1.940237
3720000	3810000	1.5460808
3730000	3810000	1.6350106
3740000	3810000	1.8036951
3750000	3810000	1.3148674
3760000	3810000	1.4072376
3770000	3810000	1.6915402
3780000	3810000	0.8426804
3790000	3810000	1.5706047
3800000	3810000	1.4893569
3810000	3810000	1.3050901
3090000	3820000	0.9465276
3110000	3820000	1.5211759
3120000	3820000	0.81559545
3140000	3820000	0.8324759
3160000	3820000	0.6865609
3180000	3820000	0.58432424
3190000	3820000	0.8047522
3210000	3820000	0.5909348
3220000	3820000	0.8357044
3230000	3820000	1.36178
3260000	3820000	0.9495399
3370000	3820000	0.6362321
3390000	3820000	0.72246814
3400000	3820000	1.2639924
3430000	3820000	1.9905846
3460000	3820000	3.2029397
3470000	3820000	2.4684842
3480000	3820000	2.8969753
3490000	3820000	2.5203328
3500000	3820000	5.8234773
3510000	3820000	1.1860518
3520000	3820000	5.242441
3540000	3820000	0.75435615
3560000	3820000	0.768866
3590000	3820000	0.54097754
3600000	3820000	1.5848103
3620000	3820000	0.75587153
3630000	3820000	1.3035836
3640000	3820000	1.1253158
3650000	3820000	1.5795628
3660000	3820000	0.8040652
3670000	3820000	0.71377665
3680000	3820000	0.4525001
3690000	3820000	0.9939855
3700000	3820000	0.70291036
3710000	3820000	0.83994806
3720000	3820000	0.8045053
3730000	3820000	1.2920918
3740000	3820000	1.5961837
3750000	3820000	1.5964705
3760000	3820000	2.1022303
3770000	3820000	1.0737135
3780000	3820000	1.6266824
3790000	3820000	0.8428408
3800000	3820000	1.0434055
3810000	3820000	1.3048791
3820000	3820000	0.9484767
3100000	3830000	1.167349
3110000	3830000	0.75802654
3150000	3830000	0.8970807
3170000	3830000	1.3684491
3190000	3830000	1.6027709
3210000	3830000	1.173445
3230000	3830000	1.360453
3240000	3830000	0.8784672
3260000	3830000	0.94551724
3370000	3830000	0.6290433
3420000	3830000	0.61352074
3430000	3830000	0.99535275
3440000	3830000	0.71185887
3450000	3830000	1.3943169
3460000	3830000	2.1310925
3480000	3830000	0.9627249
3500000	3830000	1.9393046
3530000	3830000	1.3208941
3540000	3830000	0.76053756
3550000	3830000	2.4839787
3560000	3830000	0.77273494
3580000	3830000	0.8074787
3600000	3830000	0.53363913
3610000	3830000	2.122265
3620000	3830000	0.7617805
3630000	3830000	0.5287127
3640000	3830000	1.7037681
3650000	3830000	0.53550076
3660000	3830000	0.27237847
3670000	3830000	0.72737664
3680000	3830000	1.3886021
3690000	3830000	1.0133965
3700000	3830000	1.9394684
3710000	3830000	1.942475
3720000	3830000	1.8878682
3730000	3830000	1.1248387
3740000	3830000	1.4772495
3750000	3830000	1.3236368
3760000	3830000	0.7007688
3770000	3830000	1.040372
3780000	3830000	2.152686
3790000	3830000	1.2563002
3800000	3830000	1.4388752
3810000	3830000	1.1745892
3820000	3830000	1.3041646
3830000	3830000	1.1284351
3090000	3840000	1.1871575
3110000	3840000	0.95799714
3120000	3840000	1.0212559
3130000	3840000	2.3255727
3150000	3840000	2.2569952
3170000	3840000	1.7310735
3180000	3840000	0.73219347
3190000	3840000	1.010202
3200000	3840000	0.98914766
3220000	3840000	1.0430061
3230000	3840000	0.855056
3240000	3840000	1.1167492
3260000	3840000	1.1938013
3360000	3840000	1.8276714
3370000	3840000	1.6067226
3380000	3840000	1.029411
3400000	3840000	0.8020342
3420000	3840000	0.7770371
3430000	3840000	2.539883
3440000	3840000	1.8117731
3450000	3840000	2.6607387
3470000	3840000	1.5672206
3490000	3840000	1.6039467
3510000	3840000	1.513993
3540000	3840000	0.96850747
3560000	3840000	0.98519105
3580000	3840000	1.0314991
3610000	3840000	0.6820007
3620000	3840000	0.48929664
3630000	3840000	1.3560796
3640000	3840000	1.8319077
3650000	3840000	0.343897
3670000	3840000	0.47031158
3680000	3840000	0.90032303
3690000	3840000	0.9893093
3700000	3840000	0.6290362
3710000	3840000	1.4208574
3720000	3840000	0.8230467
3730000	3840000	1.1942466
3740000	3840000	1.1221411
3750000	3840000	1.2724985
3760000	3840000	1.4258438
3770000	3840000	1.6391246
3780000	3840000	0.6066754
3790000	3840000	0.5500451
3800000	3840000	1.2281095
3810000	3840000	1.2882184
3820000	3840000	1.111482
3830000	3840000	1.2836301
3840000	3840000	1.2302392
3090000	3850000	1.9402348
3110000	3850000	0.78368366
3120000	3850000	0.83509094
3130000	3850000	0.9541306
3140000	3850000	0.8463632
3180000	3850000	0.5992832
3190000	3850000	1.6535462
3200000	3850000	0.8067656
3220000	3850000	2.57198
3230000	3850000	0.69897336
3360000	3850000	0.749826
3370000	3850000	1.3180604
3380000	3850000	1.7012514
3400000	3850000	1.9723415
3410000	3850000	0.81158966
3430000	3850000	1.0406761
3440000	3850000	0.74782485
3450000	3850000	0.7302646
3460000	3850000	1.1159176
3470000	3850000	2.5803015
3480000	3850000	1.0064794
3490000	3850000	1.3203658
3500000	3850000	6.0968046
3540000	3850000	0.7996519
3580000	3850000	0.85353565
3590000	3850000	0.57698375
3600000	3850000	1.133908
3610000	3850000	0.5657576
3630000	3850000	0.8453531
3640000	3850000	0.6080207
3650000	3850000	1.148371
3660000	3850000	1.7576797
3670000	3850000	0.7876495
3680000	3850000	1.0044141
3690000	3850000	0.5533638
3700000	3850000	1.3244221
3710000	3850000	1.4312122
3720000	3850000	1.1685846
3730000	3850000	1.2632737
3740000	3850000	1.9271284
3750000	3850000	1.0944812
3760000	3850000	1.0347289
3770000	3850000	1.6184146
3780000	3850000	2.1645474
3790000	3850000	1.3373098
3800000	3850000	1.8039545
3810000	3850000	1.7390138
3820000	3850000	1.4985766
3830000	3850000	1.6904658
3840000	3850000	1.0582049
3850000	3850000	0.8964214
3100000	3860000	2.3914032
3110000	3860000	0.7769441
3120000	3860000	0.82921755
3130000	3860000	0.94703317
3180000	3860000	1.1985421
3200000	3860000	1.6029264
3220000	3860000	0.8532114
3230000	3860000	1.394788
3250000	3860000	1.4881135
3260000	3860000	1.9555244
3370000	3860000	3.9382849
3390000	3860000	0.7486641
3410000	3860000	0.80753744
3430000	3860000	2.0707498
3440000	3860000	0.7438578
3450000	3860000	0.731753
3470000	3860000	1.2890431
3480000	3860000	3.017134
3490000	3860000	1.3169526
3510000	3860000	2.492105
3530000	3860000	2.782578
3540000	3860000	0.8024423
3560000	3860000	0.81789476
3580000	3860000	1.7093033
3590000	3860000	0.57952815
3600000	3860000	1.706414
3610000	3860000	1.1381316
3620000	3860000	0.40977034
3630000	3860000	0.56894416
3640000	3860000	1.2268692
3650000	3860000	1.4457897
3660000	3860000	0.8905569
3670000	3860000	0.7945274
3680000	3860000	1.2761401
3690000	3860000	0.56201077
3700000	3860000	1.0790572
3710000	3860000	1.7069459
3720000	3860000	1.4288013
3730000	3860000	1.0450392
3740000	3860000	2.4744132
3750000	3860000	1.8252383
3760000	3860000	1.51239
3770000	3860000	1.9008213
3780000	3860000	1.1529769
3790000	3860000	0.72395396
3800000	3860000	1.5686044
3810000	3860000	1.2684387
3820000	3860000	1.879855
3830000	3860000	1.9581867
3840000	3860000	1.2749403
3850000	3860000	1.1885023
3860000	3860000	0.9225527
3090000	3870000	1.8166271
3110000	3870000	0.73844326
3120000	3870000	0.7877179
3150000	3870000	0.86989546
3200000	3870000	0.76295906
3210000	3870000	0.57591563
3230000	3870000	0.66503096
3250000	3870000	0.7074301
3260000	3870000	0.924922
3350000	3870000	42.93883
3360000	3870000	1.4283248
3390000	3870000	0.71432006
3400000	3870000	0.6243355
3440000	3870000	0.7091289
3450000	3870000	0.69744146
3460000	3870000	1.0708461
3470000	3870000	2.4689264
3480000	3870000	0.9628388
3490000	3870000	1.2609326
3560000	3870000	0.7854289
3570000	3870000	1.1057878
3580000	3870000	0.8251211
3600000	3870000	1.0948569
3610000	3870000	1.0941104
3620000	3870000	0.39493525
3630000	3870000	0.54894215
3640000	3870000	0.29669777
3650000	3870000	0.5590727
3660000	3870000	0.57297623
3670000	3870000	0.7714612
3680000	3870000	0.49338672
3690000	3870000	1.6420814
3700000	3870000	0.7875767
3710000	3870000	0.47591904
3720000	3870000	0.9330454
3730000	3870000	1.0202726
3740000	3870000	0.7355156
3750000	3870000	1.1228054
3760000	3870000	1.2946775
3770000	3870000	1.3310727
3780000	3870000	0.77853227
3790000	3870000	1.8475138
3800000	3870000	1.62733
3810000	3870000	1.3450733
3820000	3870000	1.6516905
3830000	3870000	1.2040125
3840000	3870000	0.9645742
3850000	3870000	0.90708464
3860000	3870000	1.3584691
3870000	3870000	0.77402914
3150000	3880000	1.1358998
3160000	3880000	0.8706723
3170000	3880000	0.87064147
3190000	3880000	1.0229572
3200000	3880000	1.0037096
3220000	3880000	2.1156125
3230000	3880000	0.8661675
3370000	3880000	0.82244706
3400000	3880000	0.8178738
3420000	3880000	1.5804898
3510000	3880000	1.5654659
3540000	3880000	1.0126505
3610000	3880000	1.4457316
3620000	3880000	2.0850518
3630000	3880000	1.0895963
3640000	3880000	1.1791115
3660000	3880000	1.1407577
3670000	3880000	2.044432
3680000	3880000	0.9866117
3690000	3880000	0.7263817
3700000	3880000	1.0531349
3710000	3880000	1.2717817
3720000	3880000	0.9375788
3730000	3880000	1.7151846
3740000	3880000	1.9718227
3750000	3880000	1.221955
3760000	3880000	1.1663733
3770000	3880000	2.0859346
3780000	3880000	1.0693045
3790000	3880000	0.25691965
3800000	3880000	1.0366974
3810000	3880000	0.547397
3820000	3880000	0.7514802
3830000	3880000	1.167138
3840000	3880000	1.2372859
3850000	3880000	0.8162616
3860000	3880000	1.205795
3870000	3880000	0.98051983
3880000	3880000	0.995229
3090000	3890000	1.1453197
3110000	3890000	0.9227082
3120000	3890000	0.9892818
3130000	3890000	1.1330922
3150000	3890000	2.1926944
3160000	3890000	1.6800238
3180000	3890000	0.7112421
3200000	3890000	0.9638913
3220000	3890000	1.021513
3230000	3890000	0.836395
3240000	3890000	1.0855626
3360000	3890000	0.9020841
3390000	3890000	0.907973
3400000	3890000	1.5835807
3430000	3890000	1.2487258
3440000	3890000	0.9033277
3450000	3890000	1.7766986
3460000	3890000	1.3551522
3490000	3890000	1.6101462
3510000	3890000	1.5204965
3580000	3890000	1.0576031
3600000	3890000	0.7062511
3610000	3890000	0.7035557
3620000	3890000	0.50891024
3630000	3890000	0.35418737
3640000	3890000	1.152817
3650000	3890000	1.4534957
3660000	3890000	1.1194109
3670000	3890000	1.0024574
3680000	3890000	0.96590096
3690000	3890000	1.430936
3700000	3890000	1.0326027
3710000	3890000	1.5706211
3720000	3890000	1.8511643
3730000	3890000	1.0187404
3740000	3890000	1.6327848
3750000	3890000	1.2102051
3760000	3890000	0.5861733
3770000	3890000	1.3016843
3780000	3890000	1.3541791
3790000	3890000	0.78216994
3800000	3890000	0.42606845
3810000	3890000	1.4170961
3820000	3890000	1.4235487
3830000	3890000	0.837004
3840000	3890000	1.8379905
3850000	3890000	1.4708122
3860000	3890000	0.8412919
3870000	3890000	0.89311075
3880000	3890000	1.2763228
3890000	3890000	0.9629973
3140000	3900000	2.207031
3190000	3900000	1.074569
3200000	3900000	2.1113448
3210000	3900000	2.3903944
3240000	3900000	1.1887467
3370000	3900000	0.8704436
3400000	3900000	0.87106174
3450000	3900000	1.9486693
3460000	3900000	1.4955168
3480000	3900000	1.351987
3490000	3900000	1.778475
3500000	3900000	2.7296863
3510000	3900000	3.349197
3540000	3900000	1.080198
3580000	3900000	1.1698595
3590000	3900000	1.5830834
3600000	3900000	0.7786049
3610000	3900000	1.562795
3620000	3900000	1.1234063
3630000	3900000	0.7842819
3640000	3900000	0.4249645
3650000	3900000	1.2086633
3660000	3900000	1.2424858
3670000	3900000	0.55777216
3680000	3900000	0.35806298
3690000	3900000	0.39716533
3700000	3900000	0.76893944
3710000	3900000	0.34928146
3720000	3900000	1.0370238
3730000	3900000	1.1405009
3740000	3900000	1.0997818
3750000	3900000	0.34093073
3760000	3900000	0.32917333
3770000	3900000	1.1869678
3780000	3900000	0.91997737
3790000	3900000	0.8986502
3800000	3900000	0.24516404
3810000	3900000	1.9814028
3820000	3900000	1.3001981
3830000	3900000	1.83137
3850000	3900000	1.0618875
3860000	3900000	0.884105
3870000	3900000	1.9503495
3880000	3900000	1.4831561
3890000	3900000	0.93798614
3900000	3900000	1.1504636
3110000	3910000	1.1896973
3120000	3910000	1.2684301
3130000	3910000	2.8955004
3150000	3910000	1.4097476
3160000	3910000	1.0812829
3170000	3910000	2.1725562
3180000	3910000	0.91941375
3230000	3910000	2.1730373
3250000	3910000	1.1551843
3370000	3910000	1.029891
3380000	3910000	1.3270837
3390000	3910000	1.175098
3420000	3910000	0.9991167
3430000	3910000	3.2615776
3450000	3910000	1.1420264
3480000	3910000	1.5956092
3550000	3910000	2.108375
3570000	3910000	1.8615593
3600000	3910000	1.8512936
3610000	3910000	0.92705137
3620000	3910000	0.6713579
3640000	3910000	1.0126644
3650000	3910000	0.47948092
3660000	3910000	0.98833513
3670000	3910000	0.6662428
3680000	3910000	1.7151974
3690000	3910000	1.4259833
3700000	3910000	1.837414
3710000	3910000	0.41985506
3730000	3910000	0.45837596
3740000	3910000	1.3249891
3750000	3910000	0.82375145
3760000	3910000	1.9958853
3770000	3910000	0.71731734
3780000	3910000	0.7523206
3790000	3910000	0.36500004
3800000	3910000	1.2124952
3810000	3910000	0.40898052
3820000	3910000	1.1645213
3830000	3910000	0.84158665
3840000	3910000	2.3997405
3850000	3910000	1.394035
3860000	3910000	1.352351
3870000	3910000	1.9179864
3880000	3910000	1.768018
3890000	3910000	1.813327
3900000	3910000	1.4248962
3910000	3910000	1.4426734
3100000	3920000	1.9378389
3110000	3920000	1.2489672
3120000	3920000	1.3365484
3220000	3920000	1.3921158
3250000	3920000	2.4370599
3310000	3920000	54.42016
3360000	3920000	1.2371539
3390000	3920000	1.2401305
3430000	3920000	1.7245222
3460000	3920000	1.8518507
3470000	3920000	2.1649373
3500000	3920000	3.426727
3510000	3920000	2.1122477
3520000	3920000	1.867569
3530000	3920000	2.3526363
3540000	3920000	1.3559391
3570000	3920000	1.9692783
3590000	3920000	0.99883807
3610000	3920000	2.9593873
3630000	3920000	0.9965692
3650000	3920000	0.51133186
3690000	3920000	1.5284728
3710000	3920000	0.44898608
3730000	3920000	0.981857
3740000	3920000	1.429909
3750000	3920000	1.7765629
3770000	3920000	2.335727
3780000	3920000	0.40693393
3790000	3920000	1.2022086
3800000	3920000	0.9917756
3810000	3920000	1.3578
3820000	3920000	0.5163417
3830000	3920000	0.4722624
3840000	3920000	0.8143096
3850000	3920000	1.201889
3860000	3920000	0.8827966
3870000	3920000	1.7506061
3880000	3920000	1.4381051
3890000	3920000	1.9900271
3900000	3920000	1.6202099
3910000	3920000	0.7951472
3920000	3920000	1.3320434
3120000	3930000	1.1307635
3130000	3930000	1.2969081
3140000	3930000	1.1545869
3180000	3930000	0.8222585
3210000	3930000	0.8385041
3220000	3930000	2.3507192
3230000	3930000	0.96894777
3240000	3930000	1.2574106
3260000	3930000	2.7052352
3390000	3930000	2.116748
3410000	3930000	1.1412146
3420000	3930000	1.8044426
3440000	3930000	1.0547175
3540000	3930000	1.1592052
3550000	3930000	1.9089996
3560000	3930000	1.1901933
3570000	3930000	1.6836921
3610000	3930000	2.5410178
3620000	3930000	0.6113413
3630000	3930000	0.4264129
3640000	3930000	0.46407905
3650000	3930000	0.8761801
3660000	3930000	0.4523912
3670000	3930000	1.2215847
3680000	3930000	0.3945514
3690000	3930000	0.43896845
3710000	3930000	1.9379648
3720000	3930000	1.5341004
3730000	3930000	0.85132086
3740000	3930000	2.4683535
3750000	3930000	1.5450736
3760000	3930000	0.7501898
3770000	3930000	2.0353694
3780000	3930000	1.4237901
3790000	3930000	1.3974688
3810000	3930000	1.1933846
3820000	3930000	0.4604915
3830000	3930000	0.42187682
3840000	3930000	1.2275109
3850000	3930000	1.095572
3860000	3930000	1.6356586
3870000	3930000	2.4865432
3880000	3930000	2.3506806
3890000	3930000	1.6487106
3900000	3930000	2.015066
3910000	3930000	0.9808505
3920000	3930000	1.3787248
3930000	3930000	1.1611904
3110000	3940000	2.685695
3140000	3940000	1.4500322
3150000	3940000	1.5735155
3180000	3940000	1.0321336
3190000	3940000	1.4261999
3230000	3940000	1.2099186
3240000	3940000	1.5810059
3250000	3940000	1.3035287
3370000	3940000	1.1669519
3400000	3940000	1.1656562
3450000	3940000	1.3060334
3530000	3940000	2.5511913
3540000	3940000	2.9322515
3580000	3940000	1.5900908
3590000	3940000	1.0804689
3620000	3940000	2.3290098
3630000	3940000	0.5408042
3640000	3940000	1.1747223
3660000	3940000	1.1464763
3670000	3940000	0.7763508
3680000	3940000	1.5027739
3700000	3940000	0.5416148
3720000	3940000	0.48966283
3740000	3940000	3.6928318
3750000	3940000	0.9861626
3760000	3940000	0.4824698
3780000	3940000	0.45874095
3790000	3940000	1.3558941
3800000	3940000	2.640051
3820000	3940000	0.29929307
3830000	3940000	2.50405
3840000	3940000	1.9461185
3850000	3940000	1.4655087
3860000	3940000	1.5435746
3870000	3940000	1.1356306
3880000	3940000	2.1947196
3890000	3940000	1.6556103
3900000	3940000	2.5323892
3910000	3940000	0.48111612
3920000	3940000	0.37729803
3930000	3940000	1.3698634
3940000	3940000	1.2526482
3090000	3950000	1.4431475
3110000	3950000	1.1695487
3120000	3950000	1.2508855
3160000	3950000	3.1617503
3180000	3950000	0.89967436
3190000	3950000	1.2454255
3200000	3950000	2.434282
3220000	3950000	1.2945263
3260000	3950000	1.4887767
3360000	3950000	1.1588113
3370000	3950000	2.037447
3460000	3950000	3.5120182
3510000	3950000	1.9949484
3520000	3950000	1.7653985
3530000	3950000	2.2340672
3550000	3950000	2.1237674
3580000	3950000	1.396243
3600000	3950000	0.937724
3610000	3950000	0.9446697
3620000	3950000	2.7295384
3630000	3950000	0.47776687
3640000	3950000	1.0364649
3650000	3950000	0.4918302
3660000	3950000	1.0169593
3690000	3950000	1.4805349
3700000	3950000	1.438822
3710000	3950000	2.633724
3720000	3950000	0.4351942
3730000	3950000	0.48188433
3740000	3950000	0.93555135
3750000	3950000	0.43987945
3760000	3950000	1.2853768
3770000	3950000	1.5605513
3780000	3950000	2.8711944
3790000	3950000	4.457471
3800000	3950000	0.67885405
3810000	3950000	1.4007888
3820000	3950000	1.362307
3830000	3950000	1.509616
3840000	3950000	1.1905087
3850000	3950000	2.0204682
3860000	3950000	1.6416358
3870000	3950000	1.2425977
3880000	3950000	1.6735594
3890000	3950000	0.7169057
3900000	3950000	2.0443006
3910000	3950000	1.0095134
3920000	3950000	1.2874825
3930000	3950000	1.3561174
3940000	3950000	1.8641907
3950000	3950000	1.1002101
3090000	3960000	1.3803782
3110000	3960000	1.125421
3170000	3960000	1.0163478
3190000	3960000	1.1939586
3200000	3960000	2.3379238
3210000	3960000	0.8837884
3360000	3960000	1.1202261
3380000	3960000	1.2677319
3400000	3960000	0.98407066
3420000	3960000	0.9588593
3450000	3960000	1.1065882
3470000	3960000	3.9280543
3480000	3960000	1.5371981
3510000	3960000	5.7658644
3520000	3960000	1.7113273
3530000	3960000	2.152106
3560000	3960000	1.2810687
3580000	3960000	2.701748
3590000	3960000	1.8358163
3600000	3960000	0.90724146
3620000	3960000	0.66248417
3630000	3960000	0.92373496
3640000	3960000	1.5105813
3650000	3960000	1.4317856
3660000	3960000	0.4924008
3670000	3960000	1.3353015
3680000	3960000	1.2883108
3690000	3960000	0.95989496
3700000	3960000	0.93178666
3710000	3960000	0.8550007
3720000	3960000	2.5457952
3730000	3960000	1.88413
3740000	3960000	1.3708632
3750000	3960000	1.7159
3760000	3960000	1.6815373
3770000	3960000	1.1431429
3780000	3960000	2.0183454
3790000	3960000	0.3984878
3800000	3960000	1.0041096
3810000	3960000	1.8486968
3820000	3960000	1.6127683
3830000	3960000	1.5114611
3840000	3960000	2.072085
3850000	3960000	2.0390542
3860000	3960000	1.4520428
3870000	3960000	1.8168199
3880000	3960000	2.8051965
3890000	3960000	2.4425287
3900000	3960000	1.4603672
3910000	3960000	1.8672706
3920000	3960000	1.3205144
3930000	3960000	1.8096048
3940000	3960000	1.6914192
3950000	3960000	1.7533844
3960000	3960000	0.94114053
3090000	3970000	1.2938371
3110000	3970000	1.0534749
3120000	3970000	5.6506867
3140000	3970000	1.1516961
3180000	3970000	0.8106541
3190000	3970000	1.1182783
3200000	3970000	1.0984368
3210000	3970000	1.6639524
3230000	3970000	0.9608407
3370000	3970000	0.9306569
3380000	3970000	1.1980301
3390000	3970000	1.0589232
3430000	3970000	2.9587307
3450000	3970000	2.0873384
3470000	3970000	1.8602724
3570000	3970000	5.146397
3610000	3970000	0.86422354
3630000	3970000	0.8790161
3640000	3970000	0.95423925
3650000	3970000	1.3635759
3660000	3970000	0.93668485
3670000	3970000	0.6337204
3680000	3970000	0.8212837
3700000	3970000	1.7764212
3710000	3970000	0.40704304
3720000	3970000	1.2151057
3740000	3970000	0.8756169
3750000	3970000	2.053716
3770000	3970000	0.3664542
3780000	3970000	0.38644692
3790000	3970000	1.921981
3800000	3970000	0.96783984
3810000	3970000	1.3401196
3820000	3970000	1.3039118
3830000	3970000	0.9743716
3840000	3970000	2.90498
3850000	3970000	2.4295118
3860000	3970000	1.641539
3870000	3970000	1.6201384
3880000	3970000	2.1647239
3890000	3970000	2.2795522
3900000	3970000	3.7514527
3910000	3970000	1.3728309
3920000	3970000	1.6160146
3930000	3970000	1.5349791
3940000	3970000	1.6851382
3950000	3970000	1.6014858
3960000	3970000	1.3297981
3970000	3970000	0.92026544
3100000	3980000	4.6555767
3120000	3980000	2.1694813
3130000	3980000	1.2472018
3170000	3980000	1.8421566
3190000	3980000	3.2437663
3210000	3980000	1.6032498
3370000	3980000	0.8940921
3380000	3980000	2.327981
3390000	3980000	1.0261016
3450000	3980000	3.0285234
3520000	3980000	1.5538815
3530000	3980000	1.9799645
3540000	3980000	1.145892
3560000	3980000	2.3585186
3570000	3980000	1.672786
3580000	3980000	1.2458389
3600000	3980000	0.83508337
3620000	3980000	0.60913044
3630000	3980000	0.42613837
3640000	3980000	2.7932742
3650000	3980000	1.3248582
3660000	3980000	0.9147036
3680000	3980000	1.1989977
3690000	3980000	1.7887889
3700000	3980000	1.7309619
3710000	3980000	1.1935664
3720000	3980000	1.1863244
3730000	3980000	2.6436296
3740000	3980000	1.7160184
3750000	3980000	1.2105659
3760000	3980000	1.5780907
3770000	3980000	2.5142288
3780000	3980000	0.76215947
3790000	3980000	1.1320101
3800000	3980000	1.2764149
3810000	3980000	1.3244985
3820000	3980000	1.0338093
3830000	3980000	1.4539816
3840000	3980000	1.1521463
3850000	3980000	2.4447713
3860000	3980000	3.0766501
3870000	3980000	2.3736594
3880000	3980000	2.6391678
3890000	3980000	3.5172958
3900000	3980000	2.139044
3910000	3980000	2.0663412
3920000	3980000	2.5138736
3930000	3980000	0.99874467
3940000	3980000	1.2026111
3950000	3980000	1.8016269
3960000	3980000	1.4400215
3970000	3980000	1.1720194
3980000	3980000	0.8316638
3120000	3990000	1.2074536
3130000	3990000	1.386117
3150000	3990000	1.3454695
3170000	3990000	2.075758
3180000	3990000	0.8722556
3230000	3990000	2.0721495
3250000	3990000	1.1128527
3420000	3990000	0.9834553
3430000	3990000	1.6065688
3440000	3990000	1.1532916
3470000	3990000	2.0189433
3480000	3990000	3.1673694
3520000	3990000	3.5123537
3530000	3990000	4.4088564
3560000	3990000	1.3220073
3570000	3990000	3.7497551
3590000	3990000	1.9062823
3620000	3990000	0.68458706
3640000	3990000	1.567963
3650000	3990000	0.49894372
3660000	3990000	1.0290556
3670000	3990000	0.6988489
3680000	3990000	0.90266335
3690000	3990000	3.0237973
3700000	3990000	1.4738951
3710000	3990000	0.44888523
3720000	3990000	0.8950879
3730000	3990000	2.9885354
3740000	3990000	2.917345
3750000	3990000	0.4578397
3760000	3990000	0.44878381
3770000	3990000	1.6332744
3790000	3990000	2.154237
3800000	3990000	2.5389156
3810000	3990000	2.52824
3820000	3990000	1.4788591
3830000	3990000	1.1123419
3840000	3990000	1.9907209
3850000	3990000	1.2758172
3860000	3990000	2.3898711
3870000	3990000	1.479337
3880000	3990000	2.0663772
3890000	3990000	1.3792384
3900000	3990000	1.6212934
3910000	3990000	2.4804356
3920000	3990000	1.179564
3930000	3990000	1.4233513
3940000	3990000	2.5239584
3950000	3990000	1.565381
3960000	3990000	1.6550896
3970000	3990000	1.0828316
3980000	3990000	1.3030671
3990000	3990000	1.0808096
3120000	4000000	2.473167
3160000	4000000	1.0614657
3220000	4000000	1.2905576
3230000	4000000	1.0637444
3240000	4000000	1.3852583
3250000	4000000	2.2881086
3360000	4000000	1.175822
3370000	4000000	1.0342525
3440000	4000000	3.5723574
3470000	4000000	4.1618543
3500000	4000000	6.636369
3510000	4000000	2.0385218
3540000	4000000	1.3163412
3550000	4000000	2.1920218
3580000	4000000	1.450904
3590000	4000000	1.9807584
3610000	4000000	1.9570596
3630000	4000000	0.9924795
3640000	4000000	1.0830963
3650000	4000000	1.0309825
3660000	4000000	1.0699409
3670000	4000000	0.7235346
3680000	4000000	0.93928766
3690000	4000000	1.0474845
3700000	4000000	1.5285738
3710000	4000000	2.344988
3720000	4000000	0.92937964
3730000	4000000	0.51877385
3740000	4000000	1.011677
3750000	4000000	1.4326062
3760000	4000000	2.3429925
3770000	4000000	1.7097865
3790000	4000000	1.3499501
3800000	4000000	1.1433611
3810000	4000000	2.6445646
3820000	4000000	2.1821787
3830000	4000000	1.757209
3840000	4000000	1.4015455
3850000	4000000	2.163901
3860000	4000000	1.2625103
3870000	4000000	1.8128598
3880000	4000000	2.7512572
3890000	4000000	1.987602
3900000	4000000	1.0029812
3910000	4000000	2.1750636
3920000	4000000	1.3030616
3930000	4000000	1.3982638
3940000	4000000	2.6736424
3950000	4000000	0.6765634
3960000	4000000	1.6362154
3970000	4000000	1.7616279
3980000	4000000	1.7875767
3990000	4000000	1.6239042
4000000	4000000	0.98397946
3110000	4010000	2.4355354
3120000	4010000	1.2975234
3140000	4010000	1.3219023
3170000	4010000	1.1139843
3180000	4010000	0.9463577
3210000	4010000	0.9604398
3230000	4010000	1.1061952
3360000	4010000	2.4532309
3380000	4010000	1.4006667
3400000	4010000	1.0837256
3410000	4010000	1.3483496
3440000	4010000	1.2486578
3470000	4010000	2.1870465
3570000	4010000	2.040527
3580000	4010000	1.5210488
3610000	4010000	1.0305141
3630000	4010000	1.5674863
3640000	4010000	1.1383226
3650000	4010000	0.54275805
3670000	4010000	0.7644387
3680000	4010000	1.9763645
3690000	4010000	1.1075999
3700000	4010000	2.152305
3710000	4010000	0.4942571
3720000	4010000	0.4933566
3730000	4010000	0.5473537
3740000	4010000	0.53535926
3750000	4010000	2.5241394
3760000	4010000	0.9933115
3770000	4010000	2.7211928
3780000	4010000	1.9252468
3800000	4010000	2.0224023
3810000	4010000	4.518024
3820000	4010000	1.9881166
3830000	4010000	2.8230114
3840000	4010000	0.7499521
3850000	4010000	2.0318704
3860000	4010000	2.4479291
3870000	4010000	4.3792486
3880000	4010000	1.7986637
3890000	4010000	2.6891403
3900000	4010000	1.6523339
3910000	4010000	1.1963923
3920000	4010000	1.7416573
3930000	4010000	0.8969267
3940000	4010000	0.76256114
3950000	4010000	1.7751567
3960000	4010000	1.4821266
3970000	4010000	1.5614853
3980000	4010000	1.521036
3990000	4010000	1.350283
4000000	4010000	0.9357612
4010000	4010000	1.2016398
3180000	4020000	3.344385
3200000	4020000	2.26179
3210000	4020000	1.6961592
3370000	4020000	1.9178128
3410000	4020000	2.3775165
3440000	4020000	4.4229903
3450000	4020000	2.1822798
3470000	4020000	3.885378
3510000	4020000	3.8134973
3530000	4020000	8.558978
3540000	4020000	2.474308
3580000	4020000	2.7198853
3590000	4020000	7.378336
3630000	4020000	0.9324207
3640000	4020000	2.031591
3680000	4020000	1.7697033
3690000	4020000	0.98757774
3700000	4020000	2.8932123
3710000	4020000	1.7694633
3720000	4020000	0.8812988
3730000	4020000	0.9850217
3740000	4020000	0.957448
3760000	4020000	2.6698968
3770000	4020000	3.2591372
3800000	4020000	0.72886974
3810000	4020000	4.0638146
3820000	4020000	1.7991453
3830000	4020000	0.5651301
3840000	4020000	2.7229614
3850000	4020000	1.053087
3860000	4020000	3.4632587
3870000	4020000	2.6653223
3880000	4020000	1.636639
3890000	4020000	0.9933242
3900000	4020000	0.5052433
3910000	4020000	2.7840524
3920000	4020000	1.623844
3930000	4020000	2.1167202
3940000	4020000	0.9673181
3950000	4020000	1.907109
3960000	4020000	2.2785914
3970000	4020000	1.8647399
3980000	4020000	1.2950033
3990000	4020000	1.5580078
4000000	4020000	1.0441234
4010000	4020000	1.6006157
4020000	4020000	1.5063113
3160000	4030000	1.3523018
3180000	4030000	1.1617333
3210000	4030000	1.1857227
3250000	4030000	1.4588572
3370000	4030000	1.3318375
3380000	4030000	3.4461234
3400000	4030000	1.3395916
3420000	4030000	1.3057694
3440000	4030000	1.5393827
3450000	4030000	3.025446
3480000	4030000	2.117264
3490000	4030000	2.7852714
3520000	4030000	2.3618286
3530000	4030000	2.9856665
3560000	4030000	1.7805848
3580000	4030000	1.8918451
3590000	4030000	1.2909586
3640000	4030000	0.70948327
3650000	4030000	0.67540133
3670000	4030000	1.9004488
3680000	4030000	1.232591
3690000	4030000	0.69221514
3700000	4030000	2.6924267
3720000	4030000	1.8522921
3730000	4030000	0.6886752
3740000	4030000	4.046231
3750000	4030000	1.2678359
3760000	4030000	0.62487483
3770000	4030000	0.571435
3780000	4030000	1.2173165
3790000	4030000	1.2143295
3800000	4030000	1.0287539
3810000	4030000	1.4330543
3820000	4030000	2.111236
3830000	4030000	2.4019308
3840000	4030000	3.3601933
3850000	4030000	2.9930131
3860000	4030000	2.1075642
3870000	4030000	0.94876075
3880000	4030000	1.5594426
3890000	4030000	1.0612594
3900000	4030000	1.4608799
3910000	4030000	1.9991153
3920000	4030000	2.3663256
3930000	4030000	3.7075987
3940000	4030000	2.8591187
3950000	4030000	1.42026
3960000	4030000	3.449167
3970000	4030000	1.2365267
3980000	4030000	1.556439
3990000	4030000	1.9468778
4000000	4030000	2.0208135
4010000	4030000	1.1533582
4020000	4030000	1.6210774
4030000	4030000	1.4550867
3100000	4040000	1.969887
3110000	4040000	1.2894864
3160000	4040000	1.1698822
3180000	4040000	2.0073938
3210000	4040000	1.0312883
3250000	4040000	1.2696751
3360000	4040000	1.3239971
3370000	4040000	1.1590207
3410000	4040000	1.4412844
3440000	4040000	1.3462623
3460000	4040000	2.023691
3520000	4040000	2.0559483
3600000	4040000	3.344326
3630000	4040000	1.1435837
3640000	4040000	0.6211194
3660000	4040000	0.61172414
3670000	4040000	1.6603801
3680000	4040000	2.1576798
3700000	4040000	3.5470848
3710000	4040000	2.1711242
3720000	4040000	2.7136045
3730000	4040000	1.8137082
3740000	4040000	2.3631685
3750000	4040000	1.6784374
3760000	4040000	2.19228
3770000	4040000	2.0110056
3780000	4040000	2.1395595
3800000	4040000	1.3610748
3810000	4040000	4.435361
3820000	4040000	1.4926301
3830000	4040000	1.4127251
3840000	4040000	0.85216486
3850000	4040000	2.6446002
3860000	4040000	1.5636897
3870000	4040000	2.5321376
3880000	4040000	2.782294
3890000	4040000	1.9006231
3900000	4040000	2.6076567
3910000	4040000	1.8107498
3920000	4040000	1.7742726
3930000	4040000	1.9745873
3940000	4040000	1.9610023
3950000	4040000	1.5780421
3960000	4040000	1.8392262
3970000	4040000	0.78180176
3980000	4040000	1.508797
3990000	4040000	2.7691276
4000000	4040000	2.109457
4010000	4040000	1.7799616
4020000	4040000	0.93926287
4030000	4040000	1.0587155
4040000	4040000	1.0195096
3120000	4050000	1.5879616
3200000	4050000	1.5735962
3250000	4050000	1.4665122
3260000	4050000	1.9170518
3360000	4050000	3.0448027
3450000	4050000	3.0663366
3480000	4050000	2.1387887
3510000	4050000	2.677584
3530000	4050000	3.0126126
3590000	4050000	1.2939143
3600000	4050000	1.2909489
3620000	4050000	0.9421123
3630000	4050000	1.9858422
3660000	4050000	0.7113415
3680000	4050000	0.62617886
3700000	4050000	1.371057
3710000	4050000	0.6334045
3720000	4050000	0.63064945
3740000	4050000	4.823746
3750000	4050000	1.3024744
3760000	4050000	1.2853956
3770000	4050000	1.1717805
3780000	4050000	0.6252746
3800000	4050000	1.0622294
3810000	4050000	0.7425576
3820000	4050000	2.6306417
3830000	4050000	2.4882517
3840000	4050000	1.4983847
3850000	4050000	1.9493394
3860000	4050000	3.304414
3870000	4050000	2.3297741
3880000	4050000	1.6443807
3890000	4050000	2.2527843
3900000	4050000	2.3268917
3910000	4050000	1.2883552
3920000	4050000	0.854124
3930000	4050000	2.697835
3940000	4050000	1.5858924
3950000	4050000	1.5978723
3960000	4050000	2.5455241
3970000	4050000	2.6656818
3980000	4050000	2.9574728
3990000	4050000	1.6784282
4000000	4050000	2.0636153
4010000	4050000	2.1395733
4020000	4050000	1.1769928
4030000	4050000	2.3093
4040000	4050000	1.301051
4050000	4050000	1.1635147
3100000	4060000	1.9755517
3160000	4060000	2.3420534
3170000	4060000	1.174466
3180000	4060000	1.9824669
3200000	4060000	2.6997702
3380000	4060000	1.5078098
3430000	4060000	1.8633488
3450000	4060000	1.3164102
3540000	4060000	4.526472
3560000	4060000	1.5626446
3590000	4060000	1.1287462
3610000	4060000	2.2539098
3620000	4060000	0.82033366
3630000	4060000	1.7183421
3640000	4060000	1.8799617
3650000	4060000	1.198435
3660000	4060000	1.2366546
3670000	4060000	0.8389796
3680000	4060000	3.2651339
3700000	4060000	1.7872782
3710000	4060000	1.0977507
3720000	4060000	1.6498827
3730000	4060000	1.8393931
3740000	4060000	3.007129
3750000	4060000	0.56764686
3760000	4060000	0.55904853
3770000	4060000	1.5402658
3780000	4060000	1.6335875
3790000	4060000	0.5456558
3800000	4060000	2.3171628
3810000	4060000	1.9487959
3820000	4060000	3.0717578
3830000	4060000	3.2771113
3840000	4060000	0.8765261
3850000	4060000	3.4151773
3860000	4060000	2.9122543
3870000	4060000	2.043961
3880000	4060000	4.360959
3890000	4060000	2.653231
3900000	4060000	2.4045506
3910000	4060000	1.5273064
3920000	4060000	1.513785
3930000	4060000	2.1230068
3940000	4060000	1.0625991
3950000	4060000	2.6072867
3960000	4060000	1.027275
3970000	4060000	2.0050952
3980000	4060000	2.1530383
3990000	4060000	1.9756252
4000000	4060000	1.6251168
4010000	4060000	1.6406949
4020000	4060000	0.73194236
4030000	4060000	2.0486755
4040000	4060000	1.8556277
4050000	4060000	1.4138772
4060000	4060000	1.1998475
3130000	4070000	3.334393
3160000	4070000	1.247928
3170000	4070000	1.2609109
3180000	4070000	1.0671172
3220000	4070000	1.5491618
3260000	4070000	1.768786
3380000	4070000	3.2209952
3400000	4070000	2.497345
3420000	4070000	2.4418209
3470000	4070000	2.543222
3480000	4070000	1.9856813
3520000	4070000	2.2186139
3530000	4070000	2.8083067
3540000	4070000	4.8640666
3550000	4070000	2.6839721
3570000	4070000	4.7673635
3630000	4070000	1.2399104
3640000	4070000	0.6740261
3650000	4070000	0.644379
3680000	4070000	1.7634572
3690000	4070000	0.6583828
3710000	4070000	1.7787887
3720000	4070000	1.184782
3730000	4070000	1.9938956
3740000	4070000	1.2983595
3750000	4070000	2.4633038
3760000	4070000	1.211442
3770000	4070000	0.55513823
3780000	4070000	1.1862968
3790000	4070000	1.1813625
3800000	4070000	2.0129101
3810000	4070000	2.818301
3820000	4070000	3.7578425
3830000	4070000	2.7747085
3840000	4070000	1.9133062
3850000	4070000	3.7250326
3860000	4070000	3.8757818
3870000	4070000	2.2391925
3880000	4070000	3.5668602
3890000	4070000	3.2799711
3900000	4070000	1.5086783
3910000	4070000	2.5223913
3920000	4070000	0.418254
3930000	4070000	3.3408017
3940000	4070000	1.9798405
3950000	4070000	1.6085508
3960000	4070000	2.025737
3970000	4070000	1.7602189
3980000	4070000	1.3420578
3990000	4070000	1.1376926
4000000	4070000	2.324934
4010000	4070000	1.3740926
4020000	4070000	1.81399
4030000	4070000	0.7038463
4040000	4070000	1.357699
4050000	4070000	1.0610124
4060000	4070000	1.3626432
4070000	4070000	1.2904823
3100000	4080000	1.856241
3160000	4080000	1.1033541
3180000	4080000	0.9480061
3190000	4080000	2.6168737
3200000	4080000	1.2737399
3210000	4080000	1.934371
3240000	4080000	2.925156
3360000	4080000	1.2504672
3390000	4080000	1.2680331
3430000	4080000	1.7755703
3450000	4080000	1.2604395
3470000	4080000	2.246078
3490000	4080000	2.3243248
3530000	4080000	2.498845
3540000	4080000	2.8934035
3590000	4080000	1.0826507
3610000	4080000	1.0801882
3640000	4080000	0.6036757
3650000	4080000	1.7205478
3660000	4080000	1.7881457
3680000	4080000	2.102244
3690000	4080000	1.1769484
3710000	4080000	1.5871657
3720000	4080000	1.0590658
3730000	4080000	2.3695884
3740000	4080000	2.9115076
3750000	4080000	2.2001686
3760000	4080000	0.54376024
3770000	4080000	0.9954269
3780000	4080000	3.714867
3790000	4080000	1.5972458
3800000	4080000	1.8030753
3810000	4080000	4.4315777
3820000	4080000	6.370629
3830000	4080000	3.5667565
3840000	4080000	3.4469914
3850000	4080000	3.0277312
3860000	4080000	4.134109
3870000	4080000	4.0351195
3880000	4080000	2.155603
3890000	4080000	2.3020961
3900000	4080000	1.7147634
3910000	4080000	2.2917557
3920000	4080000	0.76211447
3930000	4080000	1.8331286
3940000	4080000	2.5264497
3950000	4080000	2.6783936
3960000	4080000	2.3933218
3970000	4080000	1.4068029
3980000	4080000	2.924686
3990000	4080000	2.7971406
4000000	4080000	1.6114373
4010000	4080000	1.5210338
4020000	4080000	2.0952067
4030000	4080000	0.9021338
4040000	4080000	1.1842525
4050000	4080000	1.9621617
4060000	4080000	1.4180262
4070000	4080000	1.5612127
4080000	4080000	0.9490566
3090000	4090000	3.1154783
3110000	4090000	1.2574661
3130000	4090000	1.5530962
3150000	4090000	1.4915423
3180000	4090000	0.98217267
3190000	4090000	1.3656852
3200000	4090000	1.333125
3210000	4090000	1.0039767
3230000	4090000	1.1686709
3240000	4090000	1.5277462
3250000	4090000	2.5186043
3260000	4090000	3.3027616
3370000	4090000	2.30101
3380000	4090000	1.4845957
3390000	4090000	1.3242024
3420000	4090000	2.2659862
3430000	4090000	1.8539368
3440000	4090000	1.33393
3450000	4090000	1.3184184
3470000	4090000	2.3424478
3480000	4090000	3.680515
3500000	4090000	3.7572224
3510000	4090000	2.3135052
3530000	4090000	2.6151383
3540000	4090000	1.5124208
3590000	4090000	1.1356636
3600000	4090000	1.1217827
3620000	4090000	0.82230026
3630000	4090000	0.57309335
3640000	4090000	0.63132167
3650000	4090000	1.2069833
3660000	4090000	0.6232819
3670000	4090000	2.5486734
3680000	4090000	2.7675674
3700000	4090000	3.6182897
3710000	4090000	1.6669079
3720000	4090000	1.1102473
3730000	4090000	1.866455
3750000	4090000	2.3186636
3760000	4090000	2.2824657
3770000	4090000	1.5748322
3780000	4090000	4.4721074
3790000	4090000	2.7983446
3800000	4090000	1.4320933
3810000	4090000	1.9988025
3820000	4090000	3.9560812
3830000	4090000	3.384949
3840000	4090000	3.188609
3850000	4090000	1.7802025
3860000	4090000	4.3865743
3870000	4090000	4.8901157
3880000	4090000	3.042575
3890000	4090000	2.8021293
3900000	4090000	1.8180294
3910000	4090000	2.4483004
3920000	4090000	1.2202988
3930000	4090000	1.9621936
3940000	4090000	1.5511808
3950000	4090000	3.187008
3960000	4090000	3.1791954
3970000	4090000	3.0376356
3980000	4090000	1.8308526
3990000	4090000	2.8332326
4000000	4090000	2.4616764
4010000	4090000	2.5546677
4020000	4090000	1.7030548
4030000	4090000	1.4690719
4040000	4090000	1.426679
4050000	4090000	1.6896521
4060000	4090000	1.1767864
4070000	4090000	1.0251024
4080000	4090000	1.3619367
4090000	4090000	0.92354524
3100000	4100000	1.9901685
3120000	4100000	2.7583575
3130000	4100000	1.5791986
3140000	4100000	2.8447227
3160000	4100000	3.5287874
3170000	4100000	1.1898422
3200000	4100000	1.3722855
3230000	4100000	1.1967151
3240000	4100000	1.5619547
3400000	4100000	1.1946173
3410000	4100000	1.4768202
3440000	4100000	2.747235
3460000	4100000	4.1743526
3490000	4100000	4.991953
3520000	4100000	2.1246293
3530000	4100000	2.6976066
3540000	4100000	4.6830087
3570000	4100000	4.5711074
3580000	4100000	3.4320564
3590000	4100000	2.344871
3600000	4100000	1.160502
3620000	4100000	0.84874964
3630000	4100000	0.5958402
3640000	4100000	1.9398342
3650000	4100000	0.62243503
3660000	4100000	3.880944
3670000	4100000	2.628408
3680000	4100000	2.8535457
3690000	4100000	1.9262288
3700000	4100000	3.1237488
3710000	4100000	0.5754584
3720000	4100000	2.2999308
3740000	4100000	1.89478
3750000	4100000	4.789322
3760000	4100000	4.15145
3770000	4100000	1.629847
3780000	4100000	1.1629517
3790000	4100000	2.90706
3800000	4100000	1.4846624
3810000	4100000	1.3917158
3820000	4100000	3.6954877
3830000	4100000	3.524193
3840000	4100000	2.8422768
3850000	4100000	1.856086
3860000	4100000	2.8175552
3870000	4100000	3.5181239
3880000	4100000	3.181909
3890000	4100000	3.2911692
3900000	4100000	1.1457785
3910000	4100000	3.8399754
3920000	4100000	3.857088
3930000	4100000	1.3771493
3940000	4100000	2.0469024
3950000	4100000	2.7017097
3960000	4100000	2.1367297
3970000	4100000	2.1706314
3980000	4100000	2.9241037
3990000	4100000	2.0406988
4000000	4100000	1.4530994
4010000	4100000	1.8660951
4020000	4100000	1.880653
4030000	4100000	0.706597
4040000	4100000	1.8184592
4050000	4100000	1.2774984
4060000	4100000	1.0572082
4070000	4100000	1.3728913
4080000	4100000	1.4362984
4090000	4100000	1.0923368
4100000	4100000	1.0179964
3090000	4110000	1.3335396
3100000	4110000	3.3279934
3130000	4110000	1.324117
3150000	4110000	1.2968068
3160000	4110000	0.98514825
3180000	4110000	0.84658086
3230000	4110000	1.0005945
3240000	4110000	1.3063055
3380000	4110000	1.2879605
3400000	4110000	0.9979423
3410000	4110000	1.2422382
3450000	4110000	2.2758036
3460000	4110000	3.4987094
3480000	4110000	1.5987899
3490000	4110000	2.096713
3530000	4110000	4.5292163
3540000	4110000	2.6302402
3560000	4110000	1.3604926
3590000	4110000	0.9863968
3600000	4110000	0.9785046
3610000	4110000	1.9722633
3620000	4110000	1.4313126
3630000	4110000	1.0045851
3640000	4110000	2.196269
3650000	4110000	1.0413445
3660000	4110000	1.6345863
3680000	4110000	1.9227871
3690000	4110000	0.5406933
3700000	4110000	1.0599726
3710000	4110000	1.4607201
3720000	4110000	2.43179
3730000	4110000	2.7207055
3740000	4110000	1.0666399
3750000	4110000	2.0257268
3760000	4110000	3.5017402
3770000	4110000	3.2281888
3780000	4110000	2.4574914
3790000	4110000	1.975746
3800000	4110000	4.198914
3810000	4110000	1.7675673
3820000	4110000	2.4517543
3830000	4110000	4.3152137
3840000	4110000	2.8196712
3850000	4110000	3.152955
3860000	4110000	2.999086
3870000	4110000	3.817021
3880000	4110000	3.059408
3890000	4110000	3.7481174
3900000	4110000	1.6283087
3910000	4110000	3.294236
3920000	4110000	2.9279068
3930000	4110000	1.1850343
3940000	4110000	3.8719344
3950000	4110000	1.4558651
3960000	4110000	3.4342997
3970000	4110000	2.3404582
3980000	4110000	2.986476
3990000	4110000	1.1091361
4000000	4110000	2.3507283
4010000	4110000	1.6493671
4020000	4110000	1.6829726
4030000	4110000	1.4869843
4040000	4110000	1.5001315
4050000	4110000	1.7098573
4060000	4110000	1.0258785
4070000	4110000	1.7313685
4080000	4110000	1.653742
4090000	4110000	0.96286184
4100000	4110000	1.0841769
4110000	4110000	0.95535547
3100000	4120000	1.8789532
3110000	4120000	2.4520824
3140000	4120000	1.337374
3170000	4120000	2.2433333
3180000	4120000	0.9528961
3200000	4120000	2.5877333
3210000	4120000	0.9817665
3220000	4120000	1.3905417
3230000	4120000	3.4171197
3250000	4120000	1.2233378
3370000	4120000	1.127748
3380000	4120000	1.4620049
3400000	4120000	1.136274
3420000	4120000	1.115708
3440000	4120000	1.3207096
3470000	4120000	4.6201363
3480000	4120000	3.6378374
3510000	4120000	2.2778807
3550000	4120000	2.4737139
3560000	4120000	1.5486107
3570000	4120000	4.3889318
3610000	4120000	4.491063
3620000	4120000	0.8165008
3630000	4120000	0.5718984
3640000	4120000	2.500056
3650000	4120000	1.1940264
3660000	4120000	1.8463562
3670000	4120000	1.689346
3680000	4120000	1.6504753
3690000	4120000	2.459827
3700000	4120000	1.2053031
3710000	4120000	2.23101
3720000	4120000	2.2227218
3730000	4120000	1.8645386
3740000	4120000	2.4368446
3750000	4120000	6.351862
3760000	4120000	3.4285555
3770000	4120000	5.7779646
3780000	4120000	2.816855
3790000	4120000	2.255063
3800000	4120000	1.9267323
3810000	4120000	2.7001162
3820000	4120000	2.8031626
3830000	4120000	1.5293463
3840000	4120000	3.6886668
3850000	4120000	2.8962116
3860000	4120000	3.7836285
3870000	4120000	1.5675095
3880000	4120000	2.739102
3890000	4120000	2.5232732
3900000	4120000	1.1268067
3910000	4120000	2.9500864
3920000	4120000	1.6958628
3930000	4120000	0.6832637
3940000	4120000	2.4539948
3950000	4120000	1.6903107
3960000	4120000	2.1529431
3970000	4120000	2.188121
3980000	4120000	1.2423471
3990000	4120000	1.0488938
4000000	4120000	0.50188345
4010000	4120000	1.4739457
4020000	4120000	0.80344796
4030000	4120000	0.51338583
4040000	4120000	1.8269403
4050000	4120000	0.846526
4060000	4120000	0.81116784
4070000	4120000	0.4537244
4080000	4120000	0.78852654
4090000	4120000	1.1377264
4100000	4120000	0.9436494
4110000	4120000	0.93873674
4120000	4120000	0.95584977
3110000	4130000	2.8926191
3180000	4130000	1.1258299
3240000	4130000	1.7539728
3250000	4130000	1.4429245
3360000	4130000	1.5110583
3380000	4130000	1.7310197
3430000	4130000	2.1661415
3450000	4130000	1.5433917
3540000	4130000	1.7728544
3590000	4130000	1.3351157
3600000	4130000	3.9587765
3620000	4130000	0.97118837
3630000	4130000	2.726614
3650000	4130000	1.4199423
3670000	4130000	3.9870238
3680000	4130000	1.9612792
3690000	4130000	2.9411268
3700000	4130000	2.1481955
3710000	4130000	2.6503046
3720000	4130000	3.3249383
3730000	4130000	3.7092128
3740000	4130000	1.4538817
3750000	4130000	3.4454906
3760000	4130000	3.403377
3770000	4130000	1.2536575
3780000	4130000	4.6925235
3790000	4130000	5.4007463
3800000	4130000	1.1487131
3810000	4130000	4.8538995
3820000	4130000	0.9586072
3830000	4130000	1.3700334
3840000	4130000	1.1096576
3850000	4130000	1.7316972
3860000	4130000	3.3008132
3870000	4130000	2.629407
3880000	4130000	3.7604213
3890000	4130000	2.1674256
3900000	4130000	2.717105
3910000	4130000	2.031191
3920000	4130000	2.5498693
3930000	4130000	1.6537677
3940000	4130000	0.98544526
3950000	4130000	3.2829652
3960000	4130000	1.4922191
3970000	4130000	2.3286903
3980000	4130000	1.2134061
3990000	4130000	1.914509
4000000	4130000	1.5495023
4010000	4130000	1.2054411
4020000	4130000	1.0001228
4030000	4130000	0.64011395
4040000	4130000	1.0250382
4050000	4130000	1.0770305
4060000	4130000	1.0488753
4070000	4130000	1.19936
4080000	4130000	1.2335979
4090000	4130000	0.26987323
4100000	4130000	0.67204005
4110000	4130000	1.1906421
4120000	4130000	1.7122773
4130000	4130000	1.0169958
3090000	4140000	1.637941
3150000	4140000	1.5886275
3170000	4140000	4.8938394
3180000	4140000	3.1446614
3210000	4140000	1.0706714
3220000	4140000	3.0082335
3230000	4140000	2.4759402
3240000	4140000	1.6193248
3390000	4140000	2.832792
3400000	4140000	1.2434076
3410000	4140000	1.5380858
3450000	4140000	1.4176105
3470000	4140000	2.5314171
3480000	4140000	1.9862425
3520000	4140000	2.223359
3560000	4140000	1.6967118
3580000	4140000	1.8105373
3590000	4140000	2.4691975
3600000	4140000	1.223637
3620000	4140000	1.7945515
3630000	4140000	0.63116145
3640000	4140000	1.3795873
3650000	4140000	3.2869673
3660000	4140000	0.6824849
3670000	4140000	2.788381
3680000	4140000	3.002744
3690000	4140000	4.0809884
3700000	4140000	4.6654086
3710000	4140000	2.4513874
3720000	4140000	2.4597883
3730000	4140000	4.1464972
3740000	4140000	2.7017841
3750000	4140000	3.2004585
3760000	4140000	3.79397
3770000	4140000	5.8124456
3780000	4140000	4.359163
3790000	4140000	3.7519662
3800000	4140000	2.1415915
3810000	4140000	2.252739
3820000	4140000	3.1300817
3830000	4140000	2.5530038
3840000	4140000	1.0317701
3850000	4140000	1.6221141
3860000	4140000	1.9204481
3870000	4140000	1.7537788
3880000	4140000	3.5074053
3890000	4140000	1.2160788
3900000	4140000	1.6957155
3910000	4140000	1.9063721
3920000	4140000	1.4350044
3930000	4140000	3.8713424
3940000	4140000	0.4641823
3950000	4140000	0.7696908
3960000	4140000	0.70503753
3970000	4140000	1.2564398
3980000	4140000	0.8616475
3990000	4140000	0.9097677
4000000	4140000	0.58710635
4010000	4140000	1.448556
4020000	4140000	0.9550784
4030000	4140000	1.2405457
4040000	4140000	0.49745452
4050000	4140000	1.3230193
4060000	4140000	1.0388228
4070000	4140000	1.006031
4080000	4140000	1.2692026
4090000	4140000	0.8627328
4100000	4140000	0.74455756
4110000	4140000	1.514298
4120000	4140000	1.5627416
4130000	4140000	0.86393213
4140000	4140000	0.9446283
3100000	4150000	2.3026505
3130000	4150000	1.840288
3150000	4150000	1.7949464
3220000	4150000	1.7049798
3360000	4150000	1.5711696
3370000	4150000	2.768497
3410000	4150000	1.7419939
3450000	4150000	1.6065385
3460000	4150000	2.4694347
3480000	4150000	2.2507536
3490000	4150000	2.9643455
3530000	4150000	9.578505
3540000	4150000	1.8529544
3550000	4150000	3.088294
3560000	4150000	1.9270419
3570000	4150000	2.730615
3580000	4150000	2.0550675
3600000	4150000	2.7764297
3620000	4150000	5.0862765
3650000	4150000	1.4966741
3660000	4150000	2.3259275
3670000	4150000	2.1112747
3680000	4150000	4.8093405
3690000	4150000	1.5331033
3700000	4150000	3.0255833
3710000	4150000	4.8987617
3720000	4150000	2.7913294
3730000	4150000	2.352192
3740000	4150000	1.5439606
3750000	4150000	1.4593549
3760000	4150000	4.323667
3770000	4150000	3.3122923
3780000	4150000	1.4169099
3800000	4150000	1.2168797
3820000	4150000	2.0368776
3830000	4150000	2.4350863
3840000	4150000	1.1794254
3850000	4150000	2.3130367
3860000	4150000	3.5312557
3870000	4150000	3.2047455
3880000	4150000	2.5113556
3890000	4150000	2.783161
3900000	4150000	1.4590751
3910000	4150000	1.6421164
3920000	4150000	1.1015798
3930000	4150000	1.3364849
3940000	4150000	2.1330097
3950000	4150000	0.44480488
3960000	4150000	0.81118405
3970000	4150000	0.3641569
3980000	4150000	1.3308636
3990000	4150000	0.7045286
4000000	4150000	1.026853
4010000	4150000	1.34675
4020000	4150000	1.6896888
4030000	4150000	1.816794
4040000	4150000	1.7741784
4050000	4150000	1.260366
4060000	4150000	1.7534559
4070000	4150000	0.9779489
4080000	4150000	0.97960544
4090000	4150000	1.2705085
4100000	4150000	0.6489323
4110000	4150000	0.80045545
4120000	4150000	1.1514919
4130000	4150000	1.1080714
4140000	4150000	1.6610591
4150000	4150000	1.1539981
3090000	4160000	1.5818413
3130000	4160000	1.5741793
3160000	4160000	1.1773902
3170000	4160000	1.1837853
3180000	4160000	1.0014697
3190000	4160000	1.3859298
3210000	4160000	1.025588
3220000	4160000	1.447377
3230000	4160000	1.1957709
3250000	4160000	1.2859024
3260000	4160000	1.6923802
3360000	4160000	1.344366
3390000	4160000	2.7359183
3400000	4160000	1.2024437
3410000	4160000	1.4889921
3430000	4160000	1.9318564
3450000	4160000	1.3667539
3480000	4160000	3.8810213
3510000	4160000	2.426018
3630000	4160000	2.4523907
3640000	4160000	2.014186
3650000	4160000	2.5703764
3660000	4160000	2.0013986
3670000	4160000	0.9064882
3700000	4160000	2.5775197
3710000	4160000	1.2007186
3720000	4160000	0.60235554
3730000	4160000	0.67255896
3740000	4160000	0.66205347
3750000	4160000	2.521576
3760000	4160000	4.3466363
3770000	4160000	3.994667
3780000	4160000	2.4413922
3790000	4160000	3.6772695
3800000	4160000	4.1934066
3810000	4160000	2.9508586
3820000	4160000	3.0814898
3830000	4160000	3.773112
3840000	4160000	3.5714793
3850000	4160000	4.3970184
3860000	4160000	3.4256136
3870000	4160000	2.0879834
3880000	4160000	2.6016793
3890000	4160000	0.80338717
3900000	4160000	2.103481
3920000	4160000	0.47817466
3930000	4160000	1.1632783
3940000	4160000	1.3915565
3950000	4160000	1.1587789
3960000	4160000	2.1261282
3970000	4160000	0.3167096
3980000	4160000	1.1662883
3990000	4160000	0.6169207
4000000	4160000	0.6010935
4010000	4160000	0.5935028
4020000	4160000	1.484342
4030000	4160000	1.6197486
4040000	4160000	0.52375054
4050000	4160000	0.8494662
4060000	4160000	0.9019092
4070000	4160000	0.89126533
4080000	4160000	0.17995399
4090000	4160000	0.5082842
4100000	4160000	1.2383673
4110000	4160000	0.67802906
4120000	4160000	1.0755583
4130000	4160000	1.5429325
4140000	4160000	1.6951774
4150000	4160000	0.8204387
4160000	4160000	0.86521393
