3090000	3090000	94.29984
3090000	3100000	27.119959
3100000	3100000	115.89693
3090000	3110000	14.429961
3100000	3110000	20.390997
3110000	3110000	102.82342
3090000	3120000	13.128917
3100000	3120000	18.142317
3110000	3120000	23.419373
3120000	3120000	92.44662
3090000	3130000	13.789592
3100000	3130000	10.988397
3110000	3130000	12.687329
3120000	3130000	28.138687
3130000	3130000	91.16011
3090000	3140000	5.9076138
3100000	3140000	7.4536223
3110000	3140000	10.928302
3120000	3140000	11.836878
3130000	3140000	17.176527
3140000	3140000	96.316086
3090000	3150000	5.78905
3100000	3150000	8.217034
3110000	3150000	5.4214187
3120000	3150000	9.786922
3130000	3150000	11.3614645
3140000	3150000	26.031456
3150000	3150000	106.483345
3090000	3160000	7.3263807
3100000	3160000	3.5552604
3110000	3160000	8.444458
3120000	3160000	12.195369
3130000	3160000	8.258476
3140000	3160000	19.20641
3150000	3160000	30.584032
3160000	3160000	83.36651
3090000	3170000	8.044177
3100000	3170000	4.349708
3110000	3170000	6.6962976
3120000	3170000	8.289172
3130000	3170000	10.224175
3140000	3170000	14.686385
3150000	3170000	16.79024
3160000	3170000	26.15265
3170000	3170000	95.2281
3090000	3180000	6.9205904
3100000	3180000	3.1184616
3110000	3180000	6.172477
3120000	3180000	6.239944
3130000	3180000	9.830927
3140000	3180000	9.359284
3150000	3180000	11.865559
3160000	3180000	14.86589
3170000	3180000	23.349173
3180000	3180000	72.59812
3090000	3190000	5.5485625
3100000	3190000	0.875076
3110000	3190000	5.773559
3120000	3190000	6.2535706
3130000	3190000	2.177898
3140000	3190000	11.16187
3150000	3190000	8.685944
3160000	3190000	9.583265
3170000	3190000	13.79378
3180000	3190000	24.228672
3190000	3190000	95.738815
3090000	3200000	4.1294837
3100000	3200000	4.3417997
3110000	3200000	5.729248
3120000	3200000	3.102788
3130000	3200000	7.2039433
3140000	3200000	6.5154147
3150000	3200000	12.928921
3160000	3200000	6.1533456
3170000	3200000	12.5472555
3180000	3200000	9.813356
3190000	3200000	22.718357
3200000	3200000	103.83902
3090000	3210000	3.6984637
3100000	3210000	7.332824
3110000	3210000	4.838036
3120000	3210000	4.7638807
3130000	3210000	8.295458
3140000	3210000	8.502953
3150000	3210000	6.6168275
3160000	3210000	6.8709598
3170000	3210000	7.8809285
3180000	3210000	9.040191
3190000	3210000	14.269394
3200000	3210000	16.257639
3210000	3210000	97.02678
3090000	3220000	6.796014
3100000	3220000	4.763619
3110000	3220000	5.02869
3120000	3220000	8.8510065
3130000	3220000	7.1134458
3140000	3220000	8.578089
3150000	3220000	6.3044467
3160000	3220000	4.909936
3170000	3220000	10.011826
3180000	3220000	12.920105
3190000	3220000	12.840416
3200000	3220000	17.238998
3210000	3220000	28.194155
3220000	3220000	92.92442
3090000	3230000	3.1439123
3100000	3230000	4.76
3110000	3230000	5.757663
3120000	3230000	5.6694117
3130000	3230000	6.58152
3140000	3230000	5.3572326
3150000	3230000	9.843215
3160000	3230000	9.199136
3170000	3230000	6.77369
3180000	3230000	5.827561
3190000	3230000	6.28954
3200000	3230000	11.858411
3210000	3230000	16.290358
3220000	3230000	25.336222
3230000	3230000	98.07476
3090000	3240000	8.299212
3100000	3240000	6.2826576
3110000	3240000	6.217739
3120000	3240000	5.986382
3130000	3240000	3.4747424
3140000	3240000	7.856596
3150000	3240000	5.1967688
3160000	3240000	6.070905
3170000	3240000	6.877307
3180000	3240000	7.6917167
3190000	3240000	3.3205905
3200000	3240000	8.237764
3210000	3240000	8.853524
3220000	3240000	11.749515
3230000	3240000	27.846266
3240000	3240000	121.18853
3090000	3250000	6.263631
3100000	3250000	6.146629
3110000	3250000	3.476066
3120000	3250000	5.6475973
3130000	3250000	5.8277297
3140000	3250000	6.588419
3150000	3250000	7.989537
3160000	3250000	3.9596407
3170000	3250000	10.380964
3180000	3250000	6.946319
3190000	3250000	6.9614882
3200000	3250000	12.434508
3210000	3250000	10.606325
3220000	3250000	6.0633597
3230000	3250000	13.884643
3240000	3250000	24.157192
3250000	3250000	115.260155
3090000	3260000	2.7727292
3100000	3260000	1.1661153
3110000	3260000	3.077509
3120000	3260000	5.0000577
3130000	3260000	6.7718916
3140000	3260000	8.74951
3150000	3260000	8.681085
3160000	3260000	5.258457
3170000	3260000	3.8294618
3180000	3260000	5.2713184
3190000	3260000	5.546971
3200000	3260000	3.6695995
3210000	3260000	9.155474
3220000	3260000	13.084865
3230000	3260000	13.410179
3240000	3260000	13.274931
3250000	3260000	27.830376
3260000	3260000	123.19706
3120000	3270000	22.030237
3130000	3270000	51.149025
3140000	3270000	23.130188
3170000	3270000	20.247116
3180000	3270000	17.419058
3190000	3270000	48.87987
3200000	3270000	48.50473
3210000	3270000	18.617994
3230000	3270000	22.15695
3100000	3310000	43.441055
3160000	3310000	55.969208
3180000	3310000	24.546417
3210000	3310000	26.235922
3220000	3310000	37.495983
3230000	3310000	31.222916
3240000	3310000	41.21069
3260000	3310000	45.89435
3110000	3350000	41.923695
3180000	3350000	35.904552
3190000	3350000	50.37614
3090000	3360000	4.260576
3100000	3360000	3.225335
3110000	3360000	7.8026853
3120000	3360000	5.3781624
3130000	3360000	0.8919162
3140000	3360000	3.2266793
3150000	3360000	5.3357415
3160000	3360000	5.540671
3170000	3360000	5.6489773
3180000	3360000	3.0374653
3190000	3360000	3.4093904
3200000	3360000	7.612254
3210000	3360000	1.9479187
3220000	3360000	4.639893
3230000	3360000	3.8636403
3240000	3360000	2.039826
3250000	3360000	6.8422647
3260000	3360000	13.629931
3270000	3360000	30.026716
3350000	3360000	61.89174
3360000	3360000	96.34127
3090000	3370000	6.8721547
3100000	3370000	0.9633979
3110000	3370000	2.542515
3120000	3370000	3.4423735
3130000	3370000	3.1969523
3140000	3370000	4.3370976
3150000	3370000	3.18754
3160000	3370000	3.723709
3170000	3370000	2.530999
3180000	3370000	2.7218454
3190000	3370000	4.582686
3200000	3370000	7.5791917
3210000	3370000	6.4002123
3220000	3370000	4.98932
3230000	3370000	5.5394773
3240000	3370000	8.225413
3250000	3370000	7.664115
3260000	3370000	3.0534148
3310000	3370000	37.91608
3350000	3370000	55.460632
3360000	3370000	25.336138
3370000	3370000	91.65481
3090000	3380000	8.036796
3100000	3380000	6.337504
3110000	3380000	2.5088074
3120000	3380000	2.7173886
3130000	3380000	6.309137
3140000	3380000	9.510219
3150000	3380000	4.193708
3160000	3380000	2.449561
3170000	3380000	6.6598506
3180000	3380000	7.8782306
3190000	3380000	4.019494
3200000	3380000	5.982968
3210000	3380000	6.1239862
3220000	3380000	2.1880772
3230000	3380000	0.9110062
3240000	3380000	7.214546
3250000	3380000	6.050006
3260000	3380000	10.712654
3360000	3380000	18.518698
3370000	3380000	26.551102
3380000	3380000	148.46156
3090000	3390000	2.7153103
3100000	3390000	2.2839339
3110000	3390000	4.520668
3120000	3390000	3.264343
3130000	3390000	3.789518
3140000	3390000	6.8546576
3150000	3390000	3.7783613
3160000	3390000	4.413911
3170000	3390000	6.750288
3180000	3390000	1.9358091
3190000	3390000	5.432102
3200000	3390000	8.085618
3210000	3390000	4.8277807
3220000	3390000	4.9284225
3230000	3390000	4.1038985
3240000	3390000	3.2500072
3250000	3390000	6.359279
3260000	3390000	3.6193755
3360000	3390000	14.459985
3370000	3390000	9.9672785
3380000	3390000	28.849733
3390000	3390000	126.417786
3090000	3400000	5.64457
3100000	3400000	3.0521743
3110000	3400000	5.37002
3120000	3400000	5.0894213
3130000	3400000	2.532094
3140000	3400000	6.870255
3150000	3400000	8.415464
3160000	3400000	3.932404
3170000	3400000	3.3410606
3180000	3400000	5.173904
3190000	3400000	5.6461096
3200000	3400000	7.20357
3210000	3400000	5.5300183
3220000	3400000	6.147104
3230000	3400000	6.5811787
3240000	3400000	7.72125
3250000	3400000	12.140474
3260000	3400000	10.748478
3360000	3400000	9.909667
3370000	3400000	13.319944
3380000	3400000	11.6829815
3390000	3400000	34.73545
3400000	3400000	101.27851
3090000	3410000	3.0416737
3100000	3410000	2.558448
3110000	3410000	3.3760157
3130000	3410000	1.0612485
3140000	3410000	4.79909
3150000	3410000	1.0581241
3160000	3410000	3.2962902
3170000	3410000	7.56163
3180000	3410000	2.168481
3190000	3410000	4.056671
3200000	3410000	4.025537
3210000	3410000	2.3177354
3220000	3410000	2.2083151
3230000	3410000	2.7582967
3240000	3410000	3.6406374
3250000	3410000	7.123624
3260000	3410000	4.0544014
3270000	3410000	35.72736
3310000	3410000	50.34593
3350000	3410000	73.64203
3360000	3410000	12.459987
3370000	3410000	11.165282
3380000	3410000	4.4069033
3390000	3410000	10.587844
3400000	3410000	23.582079
3410000	3410000	111.19158
3090000	3420000	1.6308433
3100000	3420000	4.115262
3110000	3420000	4.072739
3120000	3420000	2.9408967
3130000	3420000	6.82807
3140000	3420000	4.6315994
3150000	3420000	6.807967
3160000	3420000	3.97656
3170000	3420000	1.3514307
3180000	3420000	3.4880004
3190000	3420000	5.7095084
3200000	3420000	8.093842
3210000	3420000	6.21346
3220000	3420000	3.5520732
3230000	3420000	7.3945303
3240000	3420000	5.8559628
3250000	3420000	6.547625
3260000	3420000	8.695335
3360000	3420000	5.01047
3370000	3420000	9.877642
3380000	3420000	11.814167
3390000	3420000	17.030539
3400000	3420000	14.224409
3410000	3420000	16.692814
3420000	3420000	107.40152
3090000	3430000	5.4278893
3100000	3430000	5.136266
3110000	3430000	4.518394
3120000	3430000	6.1175647
3130000	3430000	9.942482
3140000	3430000	3.8538055
3150000	3430000	8.497037
3160000	3430000	5.5146136
3170000	3430000	5.622411
3180000	3430000	2.9022534
3190000	3430000	1.3573425
3200000	3430000	5.387701
3210000	3430000	5.1700206
3220000	3430000	2.9555662
3230000	3430000	7.383302
3240000	3430000	4.8725586
3250000	3430000	5.448069
3260000	3430000	7.2351103
3360000	3430000	3.335241
3370000	3430000	8.966039
3380000	3430000	5.8981137
3390000	3430000	10.627924
3400000	3430000	11.04663
3410000	3430000	11.9053335
3420000	3430000	25.532959
3430000	3430000	119.50401
3090000	3440000	4.964461
3100000	3440000	2.5054595
3110000	3440000	1.6530471
3120000	3440000	2.6857212
3130000	3440000	6.2356124
3140000	3440000	2.8198168
3150000	3440000	4.144836
3160000	3440000	4.8420296
3170000	3440000	5.759459
3180000	3440000	4.247138
3190000	3440000	4.965815
3200000	3440000	2.9566221
3210000	3440000	4.5394645
3220000	3440000	5.406445
3230000	3440000	7.203117
3240000	3440000	4.753647
3250000	3440000	4.982918
3260000	3440000	5.293906
3360000	3440000	13.422117
3370000	3440000	3.2802105
3380000	3440000	4.3156304
3390000	3440000	7.776417
3400000	3440000	9.237466
3410000	3440000	5.8073955
3420000	3440000	8.173542
3430000	3440000	23.317516
3440000	3440000	102.3681
3090000	3450000	4.972714
3100000	3450000	2.5096245
3110000	3450000	5.795283
3130000	3450000	7.286975
3140000	3450000	1.883003
3150000	3450000	4.1517262
3160000	3450000	2.4250395
3170000	3450000	6.593181
3180000	3450000	4.2541986
3190000	3450000	0.9948141
3200000	3450000	1.9743582
3210000	3450000	3.7891757
3220000	3450000	3.2492597
3230000	3450000	2.7056594
3240000	3450000	3.571162
3250000	3450000	6.987682
3360000	3450000	1.2222209
3370000	3450000	4.3808846
3380000	3450000	5.7637396
3390000	3450000	3.8946722
3400000	3450000	8.096219
3410000	3450000	7.2713118
3420000	3450000	4.67836
3430000	3450000	9.731783
3440000	3450000	22.786283
3450000	3450000	111.2678
3090000	3460000	6.2194147
3100000	3460000	1.9617553
3110000	3460000	1.294323
3120000	3460000	4.2057977
3130000	3460000	1.6274787
3140000	3460000	10.303508
3160000	3460000	2.5275142
3170000	3460000	3.8653812
3180000	3460000	6.6509523
3190000	3460000	3.1105556
3200000	3460000	4.6300244
3210000	3460000	4.739154
3220000	3460000	3.3865635
3230000	3460000	2.8199923
3240000	3460000	3.7220685
3250000	3460000	1.5606343
3260000	3460000	2.0725436
3360000	3460000	1.9108024
3370000	3460000	3.4245057
3380000	3460000	4.5054736
3390000	3460000	6.088874
3400000	3460000	7.232864
3410000	3460000	2.2735727
3420000	3460000	1.8285199
3430000	3460000	6.0858116
3440000	3460000	13.358904
3450000	3460000	13.381112
3460000	3460000	174.33197
3090000	3470000	1.8385763
3100000	3470000	2.3197274
3110000	3470000	3.0610101
3200000	3470000	1.8249633
3210000	3470000	1.4009832
3260000	3470000	2.450732
3370000	3470000	6.074091
3380000	3470000	5.3276114
3390000	3470000	7.199944
3410000	3470000	13.442219
3420000	3470000	6.48654
3440000	3470000	10.531051
3450000	3470000	10.548557
3460000	3470000	16.49146
3470000	3470000	185.25711
3090000	3480000	4.4014177
3120000	3480000	2.6456897
3130000	3480000	3.0713344
3140000	3480000	1.3888932
3150000	3480000	4.593438
3180000	3480000	2.0919168
3190000	3480000	1.4675394
3200000	3480000	2.9125528
3210000	3480000	1.1179506
3220000	3480000	4.7932744
3230000	3480000	1.3304536
3240000	3480000	5.2681413
3360000	3480000	5.4090233
3370000	3480000	1.615659
3380000	3480000	2.1256523
3390000	3480000	1.9151268
3410000	3480000	2.1453128
3420000	3480000	10.352202
3430000	3480000	5.742491
3440000	3480000	6.3026423
3450000	3480000	8.417493
3460000	3480000	16.449732
3470000	3480000	11.670843
3480000	3480000	145.90443
3090000	3490000	1.9651395
3110000	3490000	1.6358614
3140000	3490000	3.720668
3160000	3490000	1.5972301
3170000	3490000	3.256904
3180000	3490000	2.801989
3190000	3490000	5.8970265
3220000	3490000	2.140095
3230000	3490000	1.7820578
3250000	3490000	7.8897815
3360000	3490000	4.8300276
3380000	3490000	2.8471758
3420000	3490000	2.3110192
3440000	3490000	2.8139958
3450000	3490000	11.274694
3460000	3490000	13.22002
3470000	3490000	10.421566
3480000	3490000	20.790392
3490000	3490000	144.8065
3120000	3500000	2.789568
3140000	3500000	2.9288485
3150000	3500000	3.228826
3170000	3500000	2.563781
3190000	3500000	6.1893897
3210000	3500000	2.3574944
3220000	3500000	6.7385902
3230000	3500000	2.805613
3250000	3500000	3.105353
3360000	3500000	7.6042366
3400000	3500000	3.5979915
3440000	3500000	4.430262
3450000	3500000	4.437627
3460000	3500000	6.9377217
3470000	3500000	8.203686
3480000	3500000	13.092684
3490000	3500000	8.768407
3500000	3500000	207.07037
3120000	3510000	1.7508504
3170000	3510000	1.609137
3180000	3510000	1.3843776
3200000	3510000	1.9274538
3210000	3510000	4.4389887
3230000	3510000	3.521842
3360000	3510000	4.7727394
3390000	3510000	2.5347648
3400000	3510000	2.2582512
3420000	3510000	6.850826
3440000	3510000	2.7806194
3450000	3510000	11.140967
3470000	3510000	5.148979
3480000	3510000	12.326281
3490000	3510000	27.51711
3500000	3510000	34.657627
3510000	3510000	146.82997
3120000	3520000	1.5878955
3140000	3520000	1.6671777
3150000	3520000	5.513798
3160000	3520000	1.4313915
3170000	3520000	1.4593717
3190000	3520000	1.7615818
3200000	3520000	1.7480619
3230000	3520000	1.5970287
3250000	3520000	1.7676487
3360000	3520000	6.4927974
3380000	3520000	5.1031137
3410000	3520000	5.1503134
3430000	3520000	3.4465399
3450000	3520000	7.578042
3460000	3520000	15.796535
3470000	3520000	9.339507
3480000	3520000	7.4527
3500000	3520000	15.715987
3510000	3520000	54.25209
3520000	3520000	102.87846
3120000	3530000	2.046512
3180000	3530000	1.6181536
3250000	3530000	2.2781813
3260000	3530000	3.025456
3360000	3530000	2.7893496
3380000	3530000	6.576996
3390000	3530000	2.9628036
3400000	3530000	5.279192
3450000	3530000	13.022312
3480000	3530000	4.802595
3510000	3530000	12.712944
3520000	3530000	17.294588
3530000	3530000	118.87795
3090000	3540000	1.3379686
3100000	3540000	1.6881118
3110000	3540000	1.113779
3120000	3540000	2.4127564
3130000	3540000	1.4004631
3140000	3540000	2.5332232
3150000	3540000	2.79268
3160000	3540000	2.1749537
3170000	3540000	1.1087343
3180000	3540000	2.8616085
3190000	3540000	1.3383335
3200000	3540000	1.328062
3210000	3540000	1.0195234
3220000	3540000	1.4570874
3250000	3540000	4.0288286
3370000	3540000	2.9468246
3400000	3540000	1.5559895
3410000	3540000	3.912868
3420000	3540000	3.1469228
3430000	3540000	2.6184535
3440000	3540000	3.8318276
3450000	3540000	3.8381975
3460000	3540000	3.000291
3470000	3540000	14.191082
3480000	3540000	8.493104
3490000	3540000	11.375972
3510000	3540000	7.4940286
3520000	3540000	13.59309
3530000	3540000	39.417862
3540000	3540000	160.07056
3100000	3550000	2.843351
3130000	3550000	2.3588533
3150000	3550000	2.3519087
3160000	3550000	1.8316786
3170000	3550000	1.8674834
3200000	3550000	4.473811
3230000	3550000	4.087272
3250000	3550000	2.2619698
3370000	3550000	2.4817243
3400000	3550000	5.241625
3420000	3550000	5.300482
3430000	3550000	13.231083
3440000	3550000	3.2270465
3460000	3550000	10.107009
3480000	3550000	9.5368395
3510000	3550000	6.3112392
3520000	3550000	22.895359
3530000	3550000	7.377001
3540000	3550000	13.045788
3550000	3550000	190.43715
3110000	3560000	3.5891073
3120000	3560000	2.5916696
3130000	3560000	1.5043118
3170000	3560000	1.1909503
3180000	3560000	1.0246018
3190000	3560000	1.4375751
3200000	3560000	4.279626
3210000	3560000	2.1902483
3220000	3560000	1.5651349
3230000	3560000	1.3032882
3250000	3560000	2.8850522
3260000	3560000	1.9156944
3390000	3560000	7.5040936
3400000	3560000	5.0141125
3430000	3560000	2.81262
3440000	3560000	8.231938
3450000	3560000	10.307029
3460000	3560000	6.445544
3470000	3560000	7.6216974
3480000	3560000	6.081929
3490000	3560000	8.146357
3500000	3560000	6.412678
3510000	3560000	8.049734
3520000	3560000	3.6502647
3530000	3560000	23.522676
3540000	3560000	22.185843
3550000	3560000	37.36846
3560000	3560000	128.09157
3090000	3570000	2.0758212
3120000	3570000	3.7433248
3130000	3570000	2.1727798
3150000	3570000	2.1663828
3160000	3570000	1.6871902
3180000	3570000	1.4799021
3190000	3570000	2.0763874
3210000	3570000	1.5817623
3230000	3570000	1.8824278
3240000	3570000	2.4845903
3250000	3570000	4.167077
3260000	3570000	8.300903
3380000	3570000	3.007536
3390000	3570000	2.7096684
3400000	3570000	2.4140747
3440000	3570000	2.9724872
3450000	3570000	5.9548573
3490000	3570000	17.649506
3500000	3570000	9.262266
3510000	3570000	11.626779
3520000	3570000	10.544652
3530000	3570000	6.79508
3540000	3570000	4.005565
3550000	3570000	20.24018
3560000	3570000	25.81554
3570000	3570000	217.50833
3150000	3580000	1.654999
3160000	3580000	1.2889218
3190000	3580000	1.5862473
3210000	3580000	2.4167612
3220000	3580000	5.180998
3240000	3580000	5.6942763
3250000	3580000	3.183421
3370000	3580000	1.7463481
3380000	3580000	2.2975943
3400000	3580000	1.8442221
3410000	3580000	2.3188453
3430000	3580000	3.1034977
3450000	3580000	9.098376
3460000	3580000	7.1121345
3470000	3580000	8.4099245
3480000	3580000	6.710915
3500000	3580000	21.227608
3510000	3580000	8.882228
3520000	3580000	16.111084
3530000	3580000	5.1910725
3540000	3580000	15.300173
3550000	3580000	5.154133
3560000	3580000	23.008617
3570000	3580000	18.990236
3580000	3580000	145.0751
3120000	3590000	1.9876031
3130000	3590000	3.46106
3140000	3590000	2.0868423
3160000	3590000	2.6875556
3170000	3590000	4.5668178
3180000	3590000	1.5715752
3190000	3590000	2.20501
3210000	3590000	0.83987254
3220000	3590000	1.2003331
3230000	3590000	1.9990354
3250000	3590000	1.106302
3360000	3590000	2.7090583
3370000	3590000	1.2137814
3380000	3590000	1.5969194
3400000	3590000	1.2818077
3410000	3590000	1.6116896
3430000	3590000	4.3141084
3440000	3590000	1.5783094
3450000	3590000	7.904666
3460000	3590000	9.886432
3470000	3590000	8.767847
3480000	3590000	4.664353
3490000	3590000	3.1238017
3500000	3590000	19.67204
3510000	3590000	6.1735015
3520000	3590000	13.997305
3530000	3590000	18.040009
3540000	3590000	6.380537
3550000	3590000	10.746982
3560000	3590000	13.707346
3570000	3590000	19.798452
3580000	3590000	40.333183
3590000	3590000	134.9096
3110000	3600000	0.9259159
3130000	3600000	1.1642445
3140000	3600000	1.0529699
3160000	3600000	0.9040501
3170000	3600000	2.765166
3180000	3600000	1.5859572
3190000	3600000	2.2251887
3200000	3600000	2.208111
3210000	3600000	3.390234
3220000	3600000	1.2113178
3230000	3600000	1.0086646
3250000	3600000	2.2328525
3260000	3600000	4.447888
3360000	3600000	4.100775
3370000	3600000	2.4497783
3390000	3600000	2.903853
3400000	3600000	5.174152
3410000	3600000	1.6264387
3420000	3600000	2.6161256
3430000	3600000	2.1767943
3440000	3600000	4.7782593
3450000	3600000	4.786203
3460000	3600000	7.48268
3470000	3600000	8.848085
3480000	3600000	7.0605574
3490000	3600000	12.609554
3510000	3600000	6.2299976
3520000	3600000	5.65016
3530000	3600000	7.28204
3540000	3600000	2.1463091
3550000	3600000	3.6151104
3560000	3600000	13.8327875
3570000	3600000	16.649696
3580000	3600000	10.175572
3590000	3600000	26.5216
3600000	3600000	132.03726
3090000	3610000	5.7142587
3110000	3610000	0.9513559
3120000	3610000	3.091354
3130000	3610000	3.5886981
3140000	3610000	7.5733056
3150000	3610000	1.1927108
3160000	3610000	0.92888933
3170000	3610000	0.9470468
3180000	3610000	2.4442983
3200000	3610000	1.13439
3210000	3610000	0.8708456
3220000	3610000	1.2445993
3230000	3610000	1.0363783
3250000	3610000	5.7355027
3260000	3610000	3.0467305
3360000	3610000	4.2134457
3370000	3610000	2.5170872
3390000	3610000	1.4918188
3400000	3610000	1.3290786
3420000	3610000	1.3440025
3430000	3610000	4.4732056
3440000	3610000	4.9095445
3450000	3610000	13.113883
3460000	3610000	7.68827
3470000	3610000	6.060794
3480000	3610000	7.2545495
3490000	3610000	6.4780045
3500000	3610000	10.198756
3510000	3610000	6.40117
3520000	3610000	2.9027002
3530000	3610000	11.223176
3540000	3610000	6.6158404
3550000	3610000	11.1433115
3560000	3610000	9.475233
3570000	3610000	13.685724
3580000	3610000	2.6137877
3590000	3610000	18.166864
3600000	3610000	21.999739
3610000	3610000	129.9741
3090000	3620000	0.8473382
3110000	3620000	2.1160755
3120000	3620000	3.0560071
3140000	3620000	3.2085907
3150000	3620000	0.88430494
3160000	3620000	0.6887013
3170000	3620000	2.106491
3180000	3620000	1.208175
3190000	3620000	0.84756935
3200000	3620000	2.5231934
3210000	3620000	2.582665
3230000	3620000	1.5367923
3250000	3620000	1.7009768
3260000	3620000	5.647301
3270000	3620000	29.858389
3380000	3620000	1.2276589
3390000	3620000	1.1060709
3400000	3620000	3.9416454
3410000	3620000	2.4780273
3420000	3620000	0.9964763
3430000	3620000	3.3165438
3440000	3620000	7.2801127
3450000	3620000	3.6461074
3460000	3620000	3.800181
3470000	3620000	8.987242
3480000	3620000	5.3787003
3490000	3620000	7.204426
3500000	3620000	3.7808037
3510000	3620000	14.237951
3520000	3620000	23.673462
3530000	3620000	8.321137
3540000	3620000	3.2700973
3550000	3620000	2.7539747
3560000	3620000	7.02517
3570000	3620000	12.683663
3580000	3620000	3.8758523
3590000	3620000	4.0408072
3600000	3620000	10.874096
3610000	3620000	26.535559
3620000	3620000	126.328514
3090000	3630000	0.6063402
3100000	3630000	3.0600722
3110000	3630000	2.0189683
3130000	3630000	1.9039845
3140000	3630000	1.1480054
3150000	3630000	1.2655859
3160000	3630000	1.4784673
3170000	3630000	2.0098236
3180000	3630000	0.4322743
3190000	3630000	1.8195169
3200000	3630000	1.2037016
3210000	3630000	1.3860819
3220000	3630000	2.64129
3230000	3630000	1.0997014
3240000	3630000	0.72574025
3250000	3630000	1.8257834
3260000	3630000	1.6164435
3270000	3630000	21.366135
3360000	3630000	0.7451482
3370000	3630000	1.3354411
3380000	3630000	2.6354728
3390000	3630000	1.5829695
3400000	3630000	0.7051429
3410000	3630000	2.6598487
3420000	3630000	1.4261216
3430000	3630000	3.5598903
3440000	3630000	6.9460263
3450000	3630000	4.3484836
3460000	3630000	5.4386845
3470000	3630000	4.8233333
3480000	3630000	7.6978054
3490000	3630000	8.592266
3500000	3630000	8.116428
3510000	3630000	6.792284
3520000	3630000	6.160113
3530000	3630000	11.908917
3540000	3630000	5.850059
3550000	3630000	7.882782
3560000	3630000	3.7703154
3570000	3630000	5.445723
3580000	3630000	6.933728
3590000	3630000	9.638433
3600000	3630000	8.753975
3610000	3630000	9.993882
3620000	3630000	17.7833
3630000	3630000	96.50107
3090000	3640000	0.6756076
3130000	3640000	0.7071643
3140000	3640000	2.5583036
3150000	3640000	1.4101646
3170000	3640000	1.1197114
3180000	3640000	1.9266268
3190000	3640000	2.7031677
3200000	3640000	0.67060536
3210000	3640000	2.5740433
3220000	3640000	1.4715135
3230000	3640000	3.063324
3240000	3640000	2.4259431
3250000	3640000	1.3562387
3260000	3640000	3.6022072
3360000	3640000	1.6605456
3370000	3640000	2.9759998
3380000	3640000	0.97884846
3400000	3640000	1.5713948
3410000	3640000	2.963706
3420000	3640000	0.7945198
3430000	3640000	3.9665668
3440000	3640000	0.96744126
3450000	3640000	3.876198
3460000	3640000	3.029996
3470000	3640000	8.957239
3480000	3640000	5.7181277
3500000	3640000	3.0145457
3510000	3640000	7.5682244
3520000	3640000	6.8638353
3530000	3640000	4.423125
3540000	3640000	7.8220334
3550000	3640000	6.5874743
3560000	3640000	4.2010307
3570000	3640000	6.0678344
3580000	3640000	4.635496
3590000	3640000	7.5176597
3600000	3640000	13.005354
3610000	3640000	7.794898
3620000	3640000	7.4305644
3630000	3640000	27.767498
3640000	3640000	104.00977
3090000	3650000	0.6578064
3100000	3650000	0.8299527
3110000	3650000	1.6427537
3120000	3650000	1.1862211
3130000	3650000	1.377063
3140000	3650000	0.622724
3160000	3650000	0.5346532
3170000	3650000	1.635313
3180000	3650000	1.4068973
3200000	3650000	0.6529359
3210000	3650000	1.5037326
3230000	3650000	0.596522
3240000	3650000	1.5746821
3250000	3650000	0.6602519
3260000	3650000	0.8768236
3370000	3650000	2.8975866
3380000	3650000	0.9530572
3390000	3650000	2.5759978
3400000	3650000	1.5299908
3410000	3650000	1.9237444
3420000	3650000	1.5471708
3430000	3650000	2.5747023
3440000	3650000	1.8839012
3450000	3650000	1.887033
3460000	3650000	5.90032
3470000	3650000	8.72123
3480000	3650000	5.5674634
3490000	3650000	18.643154
3510000	3650000	5.5266094
3520000	3650000	3.3414915
3530000	3650000	4.306582
3540000	3650000	7.6159344
3550000	3650000	8.551872
3560000	3650000	1.3634465
3570000	3650000	1.9693185
3580000	3650000	6.0178103
3590000	3650000	4.182617
3600000	3650000	7.3865643
3610000	3650000	8.67373
3620000	3650000	9.646374
3630000	3650000	14.956011
3640000	3650000	32.047237
3650000	3650000	98.60097
3090000	3660000	1.3925252
3110000	3660000	1.7387912
3120000	3660000	1.2555691
3130000	3660000	0.728784
3140000	3660000	0.65912926
3150000	3660000	0.7266384
3160000	3660000	2.8295486
3170000	3660000	1.7309155
3180000	3660000	0.49638212
3190000	3660000	1.392905
3200000	3660000	0.6911074
3210000	3660000	0.53054756
3230000	3660000	3.7883728
3240000	3660000	2.5001101
3250000	3660000	0.6988511
3260000	3660000	2.7842515
3360000	3660000	0.8556562
3370000	3660000	1.5334917
3380000	3660000	3.0263226
3390000	3660000	1.8177295
3400000	3660000	3.2388723
3410000	3660000	3.0543137
3420000	3660000	4.9128613
3430000	3660000	4.0878344
3440000	3660000	6.979128
3450000	3660000	0.9986757
3460000	3660000	3.1226301
3470000	3660000	3.6924336
3480000	3660000	2.9464722
3490000	3660000	3.9466116
3500000	3660000	15.533539
3510000	3660000	3.8998015
3520000	3660000	5.305259
3530000	3660000	6.8375254
3540000	3660000	5.3741145
3550000	3660000	2.2629564
3560000	3660000	7.215777
3570000	3660000	4.1688952
3580000	3660000	3.1848097
3590000	3660000	5.533923
3610000	3660000	2.295202
3620000	3660000	5.1051564
3630000	3660000	12.177199
3640000	3660000	14.246719
3650000	3660000	20.476738
3660000	3660000	94.38606
3110000	3670000	2.413763
3130000	3670000	1.0116867
3140000	3670000	0.91499305
3150000	3670000	1.0087081
3180000	3670000	0.6890699
3190000	3670000	0.96680456
3200000	3670000	0.95938456
3210000	3670000	1.4729959
3220000	3670000	1.0525917
3250000	3670000	0.9701343
3270000	3670000	34.058838
3360000	3670000	2.3756173
3370000	3670000	1.0643847
3410000	3670000	2.8266337
3420000	3670000	1.1366596
3450000	3670000	2.7726922
3460000	3670000	8.669574
3470000	3670000	7.6886683
3480000	3670000	8.180494
3490000	3670000	2.7393126
3520000	3670000	2.4548929
3530000	3670000	6.3278313
3570000	3670000	2.8935976
3580000	3670000	4.4211035
3590000	3670000	4.609264
3600000	3670000	7.752408
3610000	3670000	12.744655
3620000	3670000	5.9057493
3630000	3670000	5.9164696
3640000	3670000	12.242951
3650000	3670000	15.588172
3660000	3670000	26.205053
3670000	3670000	101.04846
3090000	3680000	0.64121306
3100000	3680000	0.80901694
3110000	3680000	1.0675431
3120000	3680000	0.5781492
3130000	3680000	2.0134895
3140000	3680000	0.60701567
3150000	3680000	0.6691872
3160000	3680000	0.52116644
3170000	3680000	1.0627079
3180000	3680000	1.8285439
3190000	3680000	1.2827759
3210000	3680000	1.9544007
3220000	3680000	1.3966
3230000	3680000	0.5814746
3240000	3680000	0.7674802
3250000	3680000	1.2871938
3260000	3680000	1.709411
3370000	3680000	1.4122472
3380000	3680000	2.7870483
3390000	3680000	2.5110178
3400000	3680000	3.728491
3410000	3680000	0.9376087
3420000	3680000	3.016286
3430000	3680000	2.509755
3440000	3680000	0.91818964
3450000	3680000	2.7591481
3470000	3680000	3.4004936
3480000	3680000	4.0702667
3490000	3680000	3.6345754
3500000	3680000	2.8610778
3510000	3680000	3.5914662
3530000	3680000	4.1979475
3540000	3680000	2.4746068
3550000	3680000	6.252112
3560000	3680000	1.3290533
3570000	3680000	1.919642
3580000	3680000	4.399507
3590000	3680000	4.07711
3600000	3680000	4.114421
3610000	3680000	2.1137333
3620000	3680000	3.134347
3630000	3680000	11.2144165
3640000	3680000	8.122098
3650000	3680000	15.816184
3660000	3680000	12.233676
3670000	3680000	25.920809
3680000	3680000	94.28221
3090000	3690000	2.2036476
3110000	3690000	1.2229369
3120000	3690000	0.66230565
3140000	3690000	3.47687
3150000	3690000	3.0663815
3160000	3690000	1.1940569
3170000	3690000	1.2173977
3180000	3690000	1.0473552
3190000	3690000	0.7347496
3200000	3690000	2.1873317
3210000	3690000	1.1194435
3220000	3690000	1.5998918
3230000	3690000	0.6661151
3370000	3690000	3.2356331
3380000	3690000	3.1927364
3390000	3690000	2.8765264
3400000	3690000	2.5627303
3410000	3690000	2.1481776
3420000	3690000	2.5915067
3430000	3690000	5.7501593
3440000	3690000	5.2592154
3450000	3690000	5.2679586
3460000	3690000	6.58868
3470000	3690000	7.7909517
3480000	3690000	3.1084952
3500000	3690000	3.2775419
3520000	3690000	1.865663
3530000	3690000	4.8090086
3540000	3690000	5.6696305
3550000	3690000	4.7747874
3560000	3690000	4.5675383
3570000	3690000	2.1990688
3590000	3690000	2.335291
3600000	3690000	5.891655
3610000	3690000	4.842825
3620000	3690000	8.078824
3630000	3690000	10.277447
3640000	3690000	9.304366
3650000	3690000	11.846659
3660000	3690000	14.014433
3670000	3690000	14.334982
3680000	3690000	29.2092
3690000	3690000	83.26329
3100000	3700000	2.774968
3110000	3700000	1.2205752
3120000	3700000	1.3220533
3150000	3700000	2.2953448
3160000	3700000	0.5958755
3170000	3700000	0.6075233
3180000	3700000	1.0453326
3200000	3700000	1.4554051
3220000	3700000	0.79840106
3230000	3700000	1.9944863
3240000	3700000	1.7549964
3250000	3700000	0.73585635
3370000	3700000	1.6146923
3380000	3700000	1.0621903
3390000	3700000	0.9569905
3410000	3700000	3.216044
3430000	3700000	1.4347637
3440000	3700000	3.1494355
3450000	3700000	3.1546712
3460000	3700000	1.643989
3470000	3700000	3.8879533
3480000	3700000	9.307477
3490000	3700000	4.1555905
3500000	3700000	3.2712123
3510000	3700000	2.053151
3520000	3700000	5.5861807
3530000	3700000	2.3998609
3540000	3700000	2.829341
3570000	3700000	2.194822
3580000	3700000	8.383625
3590000	3700000	4.661562
3600000	3700000	5.880277
3610000	3700000	6.0418406
3620000	3700000	10.750964
3630000	3700000	8.3343
3640000	3700000	7.143383
3650000	3700000	6.9551654
3660000	3700000	13.251192
3670000	3700000	11.241449
3680000	3700000	18.305243
3690000	3700000	24.853083
3700000	3700000	92.24392
3100000	3710000	1.7433668
3110000	3710000	0.5751175
3120000	3710000	0.6229326
3130000	3710000	0.72315145
3140000	3710000	3.2701755
3150000	3710000	1.4420449
3170000	3710000	0.5725126
3190000	3710000	0.69106984
3200000	3710000	2.7430642
3210000	3710000	1.0528942
3220000	3710000	1.5047807
3240000	3710000	0.8269292
3350000	3710000	50.180836
3360000	3710000	1.6980863
3370000	3710000	2.2824597
3380000	3710000	1.0009776
3400000	3710000	0.80346
3420000	3710000	0.8124819
3430000	3710000	2.7041605
3440000	3710000	0.98931265
3450000	3710000	2.9728718
3460000	3710000	1.5492482
3480000	3710000	2.9236999
3490000	3710000	7.832219
3510000	3710000	3.8696613
3520000	3710000	3.5095046
3540000	3710000	3.9994347
3550000	3710000	6.7364006
3560000	3710000	1.4320017
3570000	3710000	2.0683374
3580000	3710000	1.5800977
3590000	3710000	4.3929224
3610000	3710000	4.5549264
3620000	3710000	7.598551
3630000	3710000	4.8332343
3640000	3710000	12.117095
3650000	3710000	6.5543485
3660000	3710000	6.9375243
3670000	3710000	6.7413945
3680000	3710000	12.139126
3690000	3710000	21.22513
3700000	3710000	24.106092
3710000	3710000	96.37469
3090000	3720000	0.706038
3100000	3720000	0.8908065
3110000	3720000	0.5877345
3130000	3720000	3.69508
3160000	3720000	0.57385504
3180000	3720000	1.5100538
3210000	3720000	0.5379964
3220000	3720000	1.5377927
3250000	3720000	1.4173257
3360000	3720000	0.8676695
3370000	3720000	0.7775108
3400000	3720000	0.82108635
3410000	3720000	2.0647972
3420000	3720000	0.8303062
3430000	3720000	2.7634845
3440000	3720000	1.0110162
3450000	3720000	1.012697
3460000	3720000	1.5832357
3470000	3720000	3.7442746
3480000	3720000	2.9878402
3490000	3720000	2.0010107
3500000	3720000	6.300651
3510000	3720000	1.9772772
3520000	3720000	5.3797445
3530000	3720000	9.244698
3540000	3720000	1.3623916
3550000	3720000	2.294728
3560000	3720000	1.463417
3570000	3720000	4.2274256
3580000	3720000	6.459048
3590000	3720000	4.489295
3600000	3720000	3.3977835
3610000	3720000	4.6548524
3620000	3720000	2.588416
3630000	3720000	4.939266
3640000	3720000	3.4397004
3650000	3720000	5.358511
3660000	3720000	6.3807483
3670000	3720000	4.92092
3680000	3720000	5.223341
3690000	3720000	15.7071085
3700000	3720000	16.42329
3710000	3720000	16.18033
3720000	3720000	99.9307
3100000	3730000	1.0193483
3110000	3730000	1.345087
3130000	3730000	1.6913093
3150000	3730000	0.843165
3160000	3730000	0.6566612
3170000	3730000	0.6694973
3180000	3730000	0.5759839
3190000	3730000	1.6162767
3230000	3730000	0.7326485
3240000	3730000	0.9670125
3260000	3730000	1.076915
3360000	3730000	1.9857452
3370000	3730000	1.7794085
3390000	3730000	2.1092277
3400000	3730000	0.9395676
3420000	3730000	0.9501178
3430000	3730000	1.5811251
3440000	3730000	2.313808
3450000	3730000	3.476482
3460000	3730000	3.6233873
3470000	3730000	4.284567
3480000	3730000	3.4189801
3490000	3730000	2.289753
3510000	3730000	2.2625945
3520000	3730000	2.0520105
3540000	3730000	3.1179643
3550000	3730000	2.625853
3560000	3730000	1.6745855
3570000	3730000	2.4187176
3590000	3730000	2.568546
3600000	3730000	3.8880775
3610000	3730000	1.3316348
3620000	3730000	5.9238396
3630000	3730000	2.8259964
3640000	3730000	4.7232513
3650000	3730000	7.6646676
3660000	3730000	5.678928
3670000	3730000	7.8833995
3680000	3730000	5.9770594
3690000	3730000	6.8470917
3700000	3730000	15.376205
3710000	3730000	20.930138
3720000	3730000	26.325298
3730000	3730000	105.43397
3160000	3740000	0.6583289
3170000	3740000	0.67119753
3180000	3740000	0.57744664
3190000	3740000	0.8101907
3210000	3740000	0.6171917
3230000	3740000	1.4690182
3360000	3740000	1.9907881
3420000	3740000	2.857592
3440000	3740000	1.159842
3470000	3740000	2.1477237
3480000	3740000	3.4276628
3490000	3740000	4.591136
3500000	3740000	7.2281327
3510000	3740000	2.2683406
3520000	3740000	2.0572217
3530000	3740000	2.651389
3540000	3740000	3.1258826
3550000	3740000	5.2650433
3560000	3740000	1.6788381
3570000	3740000	2.4248602
3580000	3740000	1.8524617
3600000	3740000	1.2993171
3610000	3740000	2.6700332
3620000	3740000	1.9796278
3630000	3740000	4.958053
3640000	3740000	4.735246
3650000	3740000	3.842066
3660000	3740000	4.0666785
3670000	3740000	5.6453
3680000	3740000	5.243209
3690000	3740000	8.580601
3700000	3740000	11.989642
3710000	3740000	12.912795
3720000	3740000	11.546567
3730000	3740000	22.65037
3740000	3740000	109.75481
3090000	3750000	0.7852981
3110000	3750000	1.3074276
3120000	3750000	0.70806336
3150000	3750000	1.6391165
3160000	3750000	1.2765524
3190000	3750000	0.7855123
3200000	3750000	0.7794837
3210000	3750000	0.59839207
3230000	3750000	1.4242721
3360000	3750000	0.9650744
3390000	3750000	2.050174
3400000	3750000	1.8265237
3410000	3750000	1.148296
3420000	3750000	0.92351663
3440000	3750000	2.2490268
3450000	3750000	2.2527654
3460000	3750000	3.5219407
3470000	3750000	2.0823042
3490000	3750000	2.225645
3530000	3750000	2.5706277
3560000	3750000	1.6277008
3570000	3750000	2.350999
3590000	3750000	2.4966326
3600000	3750000	5.03896
3610000	3750000	6.4717603
3620000	3750000	1.9193285
3630000	3750000	5.49375
3640000	3750000	6.121348
3650000	3750000	3.725037
3660000	3750000	4.731369
3670000	3750000	3.2840066
3680000	3750000	9.440787
3690000	3750000	11.64693
3700000	3750000	5.812219
3710000	3750000	14.866873
3720000	3750000	18.391554
3730000	3750000	20.130404
3740000	3750000	24.768236
3750000	3750000	120.95838
3110000	3760000	1.3209972
3130000	3760000	0.8305094
3150000	3760000	0.8280643
3160000	3760000	1.2898015
3180000	3760000	0.5656683
3210000	3760000	1.2092054
3220000	3760000	1.728178
3230000	3760000	1.4390543
3240000	3760000	0.94969386
3250000	3760000	0.79639846
3260000	3760000	1.057628
3360000	3760000	1.9501815
3390000	3760000	2.0714524
3400000	3760000	0.92274046
3410000	3760000	1.160214
3420000	3760000	1.8662033
3430000	3760000	1.552808
3440000	3760000	2.272369
3450000	3760000	2.2761464
3470000	3760000	4.2078323
3480000	3760000	1.6788739
3490000	3760000	2.2487445
3500000	3760000	3.5403495
3510000	3760000	2.2220726
3520000	3760000	2.01526
3530000	3760000	2.597308
3560000	3760000	1.6445944
3580000	3760000	5.4440293
3600000	3760000	1.2728146
3610000	3760000	3.9233577
3620000	3760000	4.848122
3630000	3760000	2.0815382
3640000	3760000	2.31933
3650000	3760000	6.7746572
3660000	3760000	7.170713
3670000	3760000	6.6361814
3680000	3760000	5.1362615
3690000	3760000	4.20279
3700000	3760000	5.0336084
3710000	3760000	7.1152925
3720000	3760000	16.158642
3730000	3760000	12.9432125
3740000	3760000	17.610397
3750000	3760000	20.668509
3760000	3760000	108.95491
3090000	3770000	0.7460369
3100000	3770000	0.941273
3120000	3770000	0.6726635
3130000	3770000	1.5617664
3140000	3770000	0.706249
3160000	3770000	0.6063654
3190000	3770000	2.9849615
3210000	3770000	1.1369505
3230000	3770000	0.6765325
3240000	3770000	1.7858917
3250000	3770000	1.4976209
3260000	3770000	1.9888611
3360000	3770000	0.9168252
3380000	3770000	1.0808892
3390000	3770000	0.97383744
3400000	3770000	0.867603
3410000	3770000	1.0908866
3420000	3770000	0.87734514
3440000	3770000	1.0682929
3460000	3770000	3.34586
3470000	3770000	3.9563973
3500000	3770000	3.3287995
3530000	3770000	4.884217
3540000	3770000	1.4395745
3550000	3770000	2.4247303
3560000	3770000	1.5463234
3580000	3770000	1.7062423
3590000	3770000	2.3718126
3600000	3770000	2.3935177
3620000	3770000	3.6467419
3630000	3770000	2.609544
3640000	3770000	2.1807408
3650000	3770000	1.415521
3660000	3770000	4.4948225
3670000	3770000	3.1198215
3680000	3770000	4.1394424
3690000	3770000	3.9516563
3700000	3770000	12.62088
3710000	3770000	8.17682
3720000	3770000	4.5579295
3730000	3770000	13.908347
3740000	3770000	10.457751
3750000	3770000	16.89868
3760000	3770000	31.587029
3770000	3770000	117.192924
3170000	3780000	1.3525417
3180000	3780000	1.1636226
3210000	3780000	0.6218568
3220000	3780000	0.88874835
3240000	3780000	0.97679615
3260000	3780000	1.0878105
3370000	3780000	0.89870566
3390000	3780000	1.0652838
3410000	3780000	1.1933241
3420000	3780000	0.95973045
3430000	3780000	1.597122
3440000	3780000	3.5058265
3450000	3780000	3.5116546
3460000	3780000	3.6600463
3470000	3780000	4.327915
3480000	3780000	5.1803565
3490000	3780000	6.9387574
3500000	3780000	3.6413836
3520000	3780000	2.0727713
3540000	3780000	3.14951
3570000	3780000	4.8863773
3580000	3780000	1.8664637
3610000	3780000	1.3451074
3620000	3780000	1.994591
3630000	3780000	2.1409411
3640000	3780000	6.361384
3650000	3780000	1.5484427
3660000	3780000	1.6389667
3670000	3780000	3.4127822
3680000	3780000	5.28284
3690000	3780000	6.0518203
3700000	3780000	6.0401335
3710000	3780000	10.570948
3720000	3780000	6.64791
3730000	3780000	13.312585
3740000	3780000	14.299706
3750000	3780000	12.015587
3760000	3780000	16.809639
3770000	3780000	26.341991
3780000	3780000	104.696625
3110000	3790000	0.6977729
3130000	3790000	0.87737805
3200000	3790000	1.6640388
3210000	3790000	1.9161676
3230000	3790000	0.7601326
3240000	3790000	2.0065768
3250000	3790000	0.84134203
3310000	3790000	41.62306
3370000	3790000	0.92308
3380000	3790000	2.4289126
3390000	3790000	2.1883519
3410000	3790000	2.4513779
3420000	3790000	0.9857599
3430000	3790000	1.6404384
3440000	3790000	2.4006069
3450000	3790000	2.4045975
3460000	3790000	7.5186257
3470000	3790000	2.2226477
3480000	3790000	1.7736188
3540000	3790000	1.6174648
3550000	3790000	2.7243576
3560000	3790000	1.7374048
3580000	3790000	1.9170852
3600000	3790000	2.6892884
3610000	3790000	5.5263557
3620000	3790000	2.0486875
3630000	3790000	5.131016
3640000	3790000	2.4502182
3650000	3790000	1.590439
3660000	3790000	3.3668363
3670000	3790000	2.336895
3680000	3790000	2.3254795
3690000	3790000	5.327962
3700000	3790000	5.3176727
3710000	3790000	7.516834
3720000	3790000	5.121159
3730000	3790000	8.790199
3740000	3790000	11.7500305
3750000	3790000	9.493438
3760000	3790000	17.265543
3770000	3790000	19.841381
3780000	3790000	19.731407
3790000	3790000	120.586
3090000	3800000	0.7319753
3100000	3800000	1.8470631
3120000	3800000	0.6599849
3150000	3800000	0.76390916
3160000	3800000	1.7848091
3170000	3800000	0.6065659
3210000	3800000	0.5577604
3240000	3800000	2.628346
3250000	3800000	0.7346966
3260000	3800000	0.97568715
3270000	3800000	25.793245
3360000	3800000	0.89954454
3370000	3800000	0.8060738
3380000	3800000	3.1815488
3400000	3800000	2.5537505
3420000	3800000	1.7216172
3430000	3800000	2.865005
3440000	3800000	5.240787
3450000	3800000	1.0498998
3460000	3800000	3.2827961
3470000	3800000	1.940913
3480000	3800000	1.5488014
3490000	3800000	2.0745208
3500000	3800000	6.532114
3520000	3800000	1.8591256
3580000	3800000	1.6740825
3600000	3800000	1.174202
3610000	3800000	2.4129276
3620000	3800000	1.7890035
3630000	3800000	2.5603585
3640000	3800000	2.1396375
3650000	3800000	1.3888408
3660000	3800000	0.7350171
3670000	3800000	4.0813575
3680000	3800000	7.445938
3690000	3800000	3.8771741
3700000	3800000	5.4175615
3710000	3800000	5.105355
3720000	3800000	11.18005
3730000	3800000	8.528873
3740000	3800000	6.8404264
3750000	3800000	9.119093
3760000	3800000	5.863288
3770000	3800000	8.66318
3780000	3800000	15.507294
3790000	3800000	16.81276
3800000	3800000	109.72591
3090000	3810000	2.1074493
3120000	3810000	0.9500899
3170000	3810000	2.6195695
3180000	3810000	0.75122523
3190000	3810000	1.0540121
3200000	3810000	2.0918455
3220000	3810000	1.1475374
3230000	3810000	0.9555546
3370000	3810000	1.1603941
3380000	3810000	1.52668
3400000	3810000	1.2254282
3450000	3810000	1.511397
3460000	3810000	2.362896
3510000	3810000	2.950982
3530000	3810000	3.4493062
3550000	3810000	3.424761
3560000	3810000	2.184073
3580000	3810000	7.229842
3590000	3810000	1.6750091
3600000	3810000	5.0710135
3610000	3810000	1.7367806
3620000	3810000	3.863075
3630000	3810000	2.764348
3640000	3810000	3.080143
3650000	3810000	1.9993238
3660000	3810000	1.0581034
3680000	3810000	1.9488904
3690000	3810000	3.348862
3700000	3810000	7.7989216
3710000	3810000	6.2995543
3720000	3810000	5.3647957
3730000	3810000	6.1389256
3740000	3810000	7.385419
3750000	3810000	5.9670496
3760000	3810000	7.2347765
3770000	3810000	10.203705
3780000	3810000	6.201035
3790000	3810000	15.286121
3800000	3810000	27.809395
3810000	3810000	126.50547
3090000	3820000	0.64130986
3110000	3820000	1.0677043
3120000	3820000	0.57823646
3140000	3820000	0.6071073
3160000	3820000	0.5212451
3180000	3820000	0.457205
3190000	3820000	0.6414848
3210000	3820000	0.48867393
3220000	3820000	0.69840544
3230000	3820000	1.1631247
3260000	3820000	0.85483456
3370000	3820000	0.70623016
3390000	3820000	0.8371323
3400000	3820000	1.4916216
3430000	3820000	2.5101337
3460000	3820000	4.3142633
3470000	3820000	3.401007
3480000	3820000	4.0708814
3490000	3820000	3.6351242
3500000	3820000	8.584529
3510000	3820000	1.7960043
3520000	3820000	8.144234
3540000	3820000	1.2374902
3560000	3820000	1.3292539
3590000	3820000	1.0194314
3600000	3820000	3.0862815
3620000	3820000	1.5674101
3630000	3820000	2.8040273
3640000	3820000	2.4994843
3650000	3820000	3.6504397
3660000	3820000	1.9319247
3670000	3820000	1.7879119
3680000	3820000	1.1861188
3690000	3820000	2.717545
3700000	3820000	2.0342228
3710000	3820000	2.5559912
3720000	3820000	2.6120648
3730000	3820000	4.4834714
3740000	3820000	5.993143
3750000	3820000	6.5369163
3760000	3820000	9.540212
3770000	3820000	5.5200896
3780000	3820000	9.8124695
3790000	3820000	6.202215
3800000	3820000	10.155085
3810000	3820000	24.364809
3820000	3820000	91.93809
3100000	3830000	0.7909251
3110000	3830000	0.52183497
3150000	3830000	0.65422225
3170000	3830000	1.0389427
3190000	3830000	1.2540895
3210000	3830000	0.9553474
3230000	3830000	1.1369424
3240000	3830000	0.75031716
3260000	3830000	0.83559185
3370000	3830000	0.69033265
3420000	3830000	0.7372083
3430000	3830000	1.2268149
3440000	3830000	0.8976564
3450000	3830000	1.7982973
3460000	3830000	2.8114316
3480000	3830000	1.3264148
3500000	3830000	2.797096
3530000	3830000	2.0520346
3540000	3830000	1.2096338
3550000	3830000	4.074865
3560000	3830000	1.2993319
3580000	3830000	1.4337072
3600000	3830000	1.0056027
3610000	3830000	4.1329284
3620000	3830000	1.5321271
3630000	3830000	1.0963631
3640000	3830000	3.66483
3650000	3830000	1.1894224
3660000	3830000	0.62947875
3670000	3830000	1.7476653
3680000	3830000	3.4782565
3690000	3830000	2.656372
3700000	3830000	5.3024845
3710000	3830000	5.6215234
3720000	3830000	5.7448487
3730000	3830000	3.6521223
3740000	3830000	5.1259556
3750000	3830000	4.9698195
3760000	3830000	2.8693717
3770000	3830000	4.7213516
3780000	3830000	11.067216
3790000	3830000	7.5782514
3800000	3830000	10.588256
3810000	3830000	11.431847
3820000	3830000	24.35147
3830000	3830000	109.38188
3090000	3840000	0.7797327
3110000	3840000	0.64908093
3120000	3840000	0.7030453
3130000	3840000	1.6323057
3150000	3840000	1.6275
3170000	3840000	1.292282
3180000	3840000	0.5558899
3190000	3840000	0.7799454
3200000	3840000	0.77395946
3220000	3840000	0.849152
3230000	3840000	0.70708907
3240000	3840000	0.933277
3260000	3840000	1.0393454
3360000	3840000	1.9164698
3370000	3840000	1.7173314
3380000	3840000	1.1297091
3400000	3840000	0.90678954
3420000	3840000	0.9169717
3430000	3840000	3.051931
3440000	3840000	2.2330878
3450000	3840000	3.3552
3470000	3840000	2.0675468
3490000	3840000	2.2098718
3510000	3840000	2.183661
3540000	3840000	1.504595
3560000	3840000	1.6161653
3580000	3840000	1.7833072
3610000	3840000	1.2851789
3620000	3840000	0.9528631
3630000	3840000	2.727408
3640000	3840000	3.7987285
3650000	3840000	0.7397275
3670000	3840000	1.086911
3680000	3840000	2.163203
3690000	3840000	2.4780831
3700000	3840000	1.6488651
3710000	3840000	3.884608
3720000	3840000	2.3818974
3730000	3840000	3.6341343
3740000	3840000	3.6433635
3750000	3840000	4.4154835
3760000	3840000	5.3535733
3770000	3840000	6.711568
3780000	3840000	2.7531767
3790000	3840000	2.8278472
3800000	3840000	7.4081993
3810000	3840000	9.479617
3820000	3840000	10.817649
3830000	3840000	23.968048
3840000	3840000	119.24999
3090000	3850000	1.2550493
3110000	3850000	0.52237684
3120000	3850000	0.5658071
3130000	3850000	0.65683544
3140000	3850000	0.5940573
3180000	3850000	0.44737723
3190000	3850000	1.2553917
3200000	3850000	0.62287843
3220000	3850000	2.050179
3230000	3850000	0.5690615
3360000	3850000	0.7711823
3370000	3850000	1.382099
3380000	3850000	1.8183677
3400000	3850000	2.189338
3410000	3850000	0.91759306
3430000	3850000	1.2280889
3440000	3850000	0.89858854
3450000	3850000	0.90008235
3460000	3850000	1.4071757
3470000	3850000	3.3279014
3480000	3850000	1.3277922
3490000	3850000	1.7784929
3500000	3850000	8.4000025
3540000	3850000	1.2108899
3580000	3850000	1.435196
3590000	3850000	0.9975183
3600000	3850000	2.013294
3610000	3850000	1.0343051
3630000	3850000	1.6462524
3640000	3850000	1.2228786
3650000	3850000	2.381315
3660000	3850000	3.7807946
3670000	3850000	1.7494801
3680000	3850000	2.3212457
3690000	3850000	1.3295653
3700000	3850000	3.3174944
3710000	3850000	3.751574
3720000	3850000	3.194897
3730000	3850000	3.6559148
3740000	3850000	5.864319
3750000	3850000	3.5535574
3760000	3850000	3.590439
3770000	3850000	6.076613
3780000	3850000	8.862967
3790000	3850000	6.068897
3800000	3850000	9.274345
3810000	3850000	10.490075
3820000	3850000	11.027581
3830000	3850000	16.452686
3840000	3850000	19.75889
3850000	3850000	86.89224
3100000	3860000	1.5468897
3110000	3860000	0.5103019
3120000	3860000	0.5527282
3130000	3860000	0.6416524
3180000	3860000	0.8740718
3200000	3860000	1.2169605
3220000	3860000	0.667596
3230000	3860000	1.1118147
3250000	3860000	1.2305964
3260000	3860000	1.6342489
3370000	3860000	4.0504537
3390000	3860000	0.8002031
3410000	3860000	0.89638245
3430000	3860000	2.399402
3440000	3860000	0.8778172
3450000	3860000	0.8792765
3470000	3860000	1.6254876
3480000	3860000	3.891299
3490000	3860000	1.7373823
3510000	3860000	3.4335508
3530000	3860000	4.0133653
3540000	3860000	1.1828997
3560000	3860000	1.2706153
3580000	3860000	2.8040416
3590000	3860000	0.9744602
3600000	3860000	2.9501336
3610000	3860000	2.0207932
3620000	3860000	0.74913275
3630000	3860000	1.0721323
3640000	3860000	2.3892221
3650000	3860000	2.9078372
3660000	3860000	1.8466998
3670000	3860000	1.70904
3680000	3860000	2.8344862
3690000	3860000	1.2988318
3700000	3860000	2.592647
3710000	3860000	4.275664
3720000	3860000	3.7452545
3730000	3860000	2.8571253
3740000	3860000	7.1609526
3750000	3860000	5.554264
3760000	3860000	4.9104223
3770000	3860000	6.5957212
3780000	3860000	4.3290477
3790000	3860000	2.9643056
3800000	3860000	7.118543
3810000	3860000	6.5211945
3820000	3860000	11.339657
3830000	3860000	14.409716
3840000	3860000	12.408527
3850000	3860000	22.191814
3860000	3860000	89.42522
3090000	3870000	1.1476264
3110000	3870000	0.47766525
3120000	3870000	0.51737815
3150000	3870000	0.5988469
3200000	3870000	0.56956464
3210000	3870000	0.43724194
3230000	3870000	0.52035403
3250000	3870000	0.5759465
3260000	3870000	0.7648648
3350000	3870000	41.677814
3360000	3870000	1.4103496
3390000	3870000	0.7490257
3400000	3870000	0.6673156
3440000	3870000	0.82167596
3450000	3870000	0.8230419
3460000	3870000	1.2867318
3470000	3870000	3.0430574
3480000	3870000	1.2141429
3490000	3870000	1.6262671
3560000	3870000	1.1893524
3570000	3870000	1.7178626
3580000	3870000	1.3123538
3600000	3870000	1.8409709
3610000	3870000	1.8915524
3620000	3870000	0.7012216
3630000	3870000	1.0035635
3640000	3870000	0.55910456
3650000	3870000	1.088746
3660000	3870000	1.1523955
3670000	3870000	1.5997375
3680000	3870000	1.061282
3690000	3870000	3.647293
3700000	3870000	1.8201247
3710000	3870000	1.143489
3720000	3870000	2.3371499
3730000	3870000	2.6743963
3740000	3870000	2.0108912
3750000	3870000	3.2493992
3760000	3870000	3.9397488
3770000	3870000	4.321722
3780000	3870000	2.7014542
3790000	3870000	6.936805
3800000	3870000	6.6632733
3810000	3870000	6.1041284
3820000	3870000	8.491538
3830000	3870000	7.2628417
3840000	3870000	7.0980153
3850000	3870000	8.828323
3860000	3870000	25.365448
3870000	3870000	75.02847
3150000	3880000	0.769617
3160000	3880000	0.5993817
3170000	3880000	0.6110981
3190000	3880000	0.73764575
3200000	3880000	0.73198444
3220000	3880000	1.606198
3230000	3880000	0.66874075
3370000	3880000	0.8120967
3400000	3880000	0.8576106
3420000	3880000	1.7344811
3510000	3880000	2.065232
3540000	3880000	1.4229946
3610000	3880000	2.4309568
3620000	3880000	3.6047416
3630000	3880000	1.9346169
3640000	3880000	2.1556246
3660000	3880000	2.2215273
3670000	3880000	4.111853
3680000	3880000	2.0458837
3690000	3880000	1.5624577
3700000	3880000	2.3391604
3710000	3880000	2.939144
3720000	3880000	2.2527173
3730000	3880000	4.2963004
3740000	3880000	5.168653
3750000	3880000	3.3408108
3760000	3880000	3.3754847
3770000	3880000	6.347572
3780000	3880000	3.471814
3790000	3880000	0.8914938
3800000	3880000	3.8924568
3810000	3880000	2.2413747
3820000	3880000	3.410321
3830000	3880000	6.000396
3840000	3880000	7.4635525
3850000	3880000	6.006627
3860000	3880000	11.735562
3870000	3880000	18.308348
3880000	3880000	96.4699
3090000	3890000	0.7002385
3110000	3890000	0.5829068
3120000	3890000	0.6313694
3130000	3890000	0.7329456
3150000	3890000	1.4615755
3160000	3890000	1.1382825
3180000	3890000	0.49921662
3200000	3890000	0.6950539
3220000	3890000	0.76258045
3230000	3890000	0.63500094
3240000	3890000	0.83812886
3360000	3890000	0.8605423
3390000	3890000	0.91405463
3400000	3890000	1.6286837
3430000	3890000	1.3703924
3440000	3890000	1.0027115
3450000	3890000	2.0087569
3460000	3890000	1.5702307
3490000	3890000	1.9845741
3510000	3890000	1.9610354
3580000	3890000	1.601498
3600000	3890000	1.1232913
3610000	3890000	1.1541542
3620000	3890000	0.85571814
3630000	3890000	0.61233675
3640000	3890000	2.0468676
3650000	3890000	2.6572475
3660000	3890000	2.1094453
3670000	3890000	1.9521995
3680000	3890000	1.9426633
3690000	3890000	2.9672549
3700000	3890000	2.2211435
3710000	3890000	3.48857
3720000	3890000	4.278123
3730000	3890000	2.447724
3740000	3890000	4.0899005
3750000	3890000	3.172258
3760000	3890000	1.6025912
3770000	3890000	3.7670748
3780000	3890000	4.1208143
3790000	3890000	2.5395465
3800000	3890000	1.4784287
3810000	3890000	5.3207283
3820000	3890000	5.82887
3830000	3890000	3.7984397
3840000	3890000	9.449328
3850000	3890000	8.87223
3860000	3890000	6.1908174
3870000	3890000	8.692321
3880000	3890000	23.831606
3890000	3890000	93.345604
3140000	3900000	1.4276277
3190000	3900000	0.7542336
3200000	3900000	1.49689
3210000	3900000	1.7236931
3240000	3900000	0.90251046
3370000	3900000	0.8303588
3400000	3900000	0.87689614
3450000	3900000	2.1630614
3460000	3900000	1.6908493
3480000	3900000	1.5954629
3490000	3900000	2.1370208
3500000	3900000	3.3644552
3510000	3900000	4.223348
3540000	3900000	1.4549943
3580000	3900000	1.7245184
3590000	3900000	2.3972178
3600000	3900000	1.2095778
3610000	3900000	2.4856231
3620000	3900000	1.8429017
3630000	3900000	1.3187479
3640000	3900000	0.7346998
3650000	3900000	2.1460247
3660000	3900000	2.2714841
3670000	3900000	1.0510796
3680000	3900000	0.69729686
3690000	3900000	0.7987967
3700000	3900000	1.5945083
3710000	3900000	0.7513095
3720000	3900000	2.3033752
3730000	3900000	2.6357481
3740000	3900000	2.6424417
3750000	3900000	0.85398436
3760000	3900000	0.86284775
3770000	3900000	3.2451565
3780000	3900000	2.6624148
3790000	3900000	2.734624
3800000	3900000	0.7959977
3810000	3900000	6.8753333
3820000	3900000	4.881815
3830000	3900000	7.498737
3850000	3900000	5.45929
3860000	3900000	5.333096
3870000	3900000	14.352043
3880000	3900000	14.435016
3890000	3900000	17.514154
3900000	3900000	111.51716
3110000	3910000	0.72737056
3120000	3910000	0.7878439
3130000	3910000	1.8291881
3150000	3910000	0.91190135
3160000	3910000	0.7101935
3170000	3910000	1.448152
3180000	3910000	0.62293917
3230000	3910000	1.5847508
3250000	3910000	0.8770295
3370000	3910000	0.96223456
3380000	3910000	1.2659702
3390000	3910000	1.1405879
3420000	3910000	1.0275732
3430000	3910000	3.420043
3450000	3910000	1.2532971
3480000	3910000	1.848851
3550000	3910000	2.8399177
3570000	3910000	2.6158962
3600000	3910000	2.8033607
3610000	3910000	1.4401922
3620000	3910000	1.0677937
3640000	3910000	1.7027665
3650000	3910000	0.8289505
3660000	3910000	1.7548242
3670000	3910000	1.2180098
3680000	3910000	3.2321603
3690000	3910000	2.7769797
3700000	3910000	3.6954894
3710000	3910000	0.87063086
3730000	3910000	1.0181173
3740000	3910000	3.0621088
3750000	3910000	1.9792247
3760000	3910000	4.999417
3770000	3910000	1.8802727
3780000	3910000	2.056836
3790000	3910000	1.0563103
3800000	3910000	3.6896653
3810000	3910000	1.3278764
3820000	3910000	4.04081
3830000	3910000	3.1598802
3840000	3910000	9.82599
3850000	3910000	6.326323
3860000	3910000	6.9525976
3870000	3910000	11.569673
3880000	3910000	13.01032
3890000	3910000	17.648449
3900000	3910000	26.60578
3910000	3910000	139.84175
3100000	3920000	1.1434618
3110000	3920000	0.7544309
3120000	3920000	0.81715405
3220000	3920000	0.9869748
3250000	3920000	1.8193153
3310000	3920000	45.002785
3360000	3920000	1.1137625
3390000	3920000	1.1830213
3430000	3920000	1.7736394
3460000	3920000	2.0322814
3470000	3920000	2.403123
3500000	3920000	4.0438375
3510000	3920000	2.538083
3520000	3920000	2.3018587
3530000	3920000	2.966682
3540000	3920000	1.7488003
3570000	3920000	2.7132154
3590000	3920000	1.4406432
3610000	3920000	4.481315
3630000	3920000	1.5850418
3650000	3920000	0.85979
3690000	3920000	2.8802917
3710000	3920000	0.9030209
3730000	3920000	2.1119888
3740000	3920000	3.1760285
3750000	3920000	4.1057158
3770000	3920000	5.8506737
3780000	3920000	1.0666782
3790000	3920000	3.2868247
3800000	3920000	2.870199
3810000	3920000	4.1318326
3820000	3920000	1.6764562
3830000	3920000	1.6387186
3840000	3920000	3.057464
3850000	3920000	4.921261
3860000	3920000	4.006253
3870000	3920000	9.000074
3880000	3920000	8.674934
3890000	3920000	14.644019
3900000	3920000	15.768911
3910000	3920000	14.847054
3920000	3920000	129.11812
3120000	3930000	0.6830307
3130000	3930000	0.7929183
3140000	3930000	0.7171339
3180000	3930000	0.54006463
3210000	3930000	0.5772367
3220000	3930000	1.649956
3230000	3930000	0.6869594
3240000	3930000	0.9067081
3260000	3930000	2.0195138
3390000	3930000	1.977693
3410000	3930000	1.1076996
3420000	3930000	1.781734
3440000	3930000	1.0847577
3540000	3930000	1.4617616
3550000	3930000	2.4621007
3560000	3930000	1.5701557
3570000	3930000	2.2678826
3610000	3930000	3.745776
3620000	3930000	0.9257366
3630000	3930000	0.6624407
3640000	3930000	0.738117
3650000	3930000	1.4373374
3660000	3930000	0.760683
3670000	3930000	2.1119366
3680000	3930000	0.70054007
3690000	3930000	0.80251205
3710000	3930000	3.7740195
3720000	3930000	3.0854516
3730000	3930000	1.7653382
3740000	3930000	5.3094645
3750000	3930000	3.4318254
3760000	3930000	1.7337219
3770000	3930000	4.890375
3780000	3930000	3.5663974
3790000	3930000	3.663124
3810000	3930000	3.4536555
3820000	3930000	1.4012917
3830000	3930000	1.3697481
3840000	3930000	4.25938
3850000	3930000	4.1135116
3860000	3930000	6.6973763
3870000	3930000	11.284276
3880000	3930000	12.085129
3890000	3930000	9.945348
3900000	3930000	14.828273
3910000	3930000	9.54626
3920000	3930000	25.743664
3930000	3930000	112.55693
3110000	3940000	1.5591305
3140000	3940000	0.8865371
3150000	3940000	0.97733766
3180000	3940000	0.6676401
3190000	3940000	0.9367373
3230000	3940000	0.84923476
3240000	3940000	1.1208931
3250000	3940000	0.93996346
3370000	3940000	1.0312827
3400000	3940000	1.0890809
3450000	3940000	1.3432313
3530000	3940000	3.065519
3540000	3940000	3.6141255
3580000	3940000	2.1418045
3590000	3940000	1.4886391
3620000	3940000	3.4332497
3630000	3940000	0.81892425
3640000	3940000	1.8249538
3660000	3940000	1.8807471
3670000	3940000	1.3054119
3680000	3940000	2.5980704
3700000	3940000	0.9901677
3720000	3940000	0.9535762
3740000	3940000	7.6576266
3750000	3940000	2.1212502
3760000	3940000	1.0716331
3780000	3940000	1.1022153
3790000	3940000	3.3963275
3800000	3940000	6.9202504
3820000	3940000	0.86615425
3830000	3940000	7.619911
3840000	3940000	6.3186502
3850000	3940000	5.085216
3860000	3940000	5.7956133
3870000	3940000	4.649959
3880000	3940000	9.95994
3890000	3940000	8.51169
3900000	3940000	15.275872
3910000	3940000	3.5403907
3920000	3940000	3.672104
3930000	3940000	25.578203
3940000	3940000	121.42216
3090000	3950000	0.8053892
3110000	3950000	0.67043847
3120000	3950000	0.72617847
3160000	3950000	1.9638177
3180000	3950000	0.5741811
3190000	3950000	0.8056089
3200000	3950000	1.598852
3220000	3950000	0.8770927
3260000	3950000	1.0735443
3360000	3950000	0.9897649
3370000	3950000	1.7738389
3460000	3950000	3.6120462
3510000	3950000	2.2555127
3520000	3950000	2.0455878
3530000	3950000	2.6363947
3550000	3950000	2.617634
3580000	3950000	1.8419856
3600000	3950000	1.2919693
3610000	3950000	1.3274667
3620000	3950000	3.9368653
3630000	3950000	0.70428777
3640000	3950000	1.5694891
3650000	3950000	0.7640677
3660000	3950000	1.6174722
3690000	3950000	2.5596225
3700000	3950000	2.5546796
3710000	3950000	4.8149137
3720000	3950000	0.82009065
3730000	3950000	0.9384282
3740000	3950000	1.8816228
3750000	3950000	0.9121543
3760000	3950000	2.7648642
3770000	3950000	3.4662035
3780000	3950000	6.635458
3790000	3950000	10.7099495
3800000	3950000	1.7004356
3810000	3950000	3.6718266
3820000	3950000	3.7245317
3830000	3950000	4.3688293
3840000	3950000	3.6227596
3850000	3950000	6.560049
3860000	3950000	5.696365
3870000	3950000	4.6655445
3880000	3950000	6.852565
3890000	3950000	3.253417
3900000	3950000	10.509994
3910000	3950000	6.089584
3920000	3950000	9.474202
3930000	3950000	13.198595
3940000	3950000	34.808323
3950000	3950000	106.645966
3090000	3960000	0.7617885
3110000	3960000	0.6341435
3170000	3960000	0.6312712
3190000	3960000	0.76199627
3200000	3960000	1.5122962
3210000	3960000	0.5804779
3360000	3960000	0.93618274
3380000	3960000	1.1037108
3400000	3960000	0.8859213
3420000	3960000	0.89586914
3450000	3960000	1.092662
3470000	3960000	4.039932
3480000	3960000	1.6118836
3510000	3960000	6.4002233
3520000	3960000	1.9348474
3530000	3960000	2.4936705
3560000	3960000	1.578972
3580000	3960000	3.484535
3590000	3960000	2.4218903
3600000	3960000	1.222027
3620000	3960000	0.93093455
3630000	3960000	1.3323206
3640000	3960000	2.2267845
3650000	3960000	2.1681118
3660000	3960000	0.76495415
3670000	3960000	2.123795
3680000	3960000	2.1134207
3690000	3960000	1.6140362
3700000	3960000	1.6109192
3710000	3960000	1.5180842
3720000	3960000	4.6541643
3730000	3960000	3.5505009
3740000	3960000	2.6696382
3750000	3960000	3.4510949
3760000	3960000	3.4869132
3770000	3960000	2.4589171
3780000	3960000	4.4830284
3790000	3960000	0.92092305
3800000	3960000	2.4125707
3810000	3960000	4.63073
3820000	3960000	4.2274795
3830000	3960000	4.1323175
3840000	3960000	5.9966145
3850000	3960000	6.2049127
3860000	3960000	4.714487
3870000	3960000	6.304242
3880000	3960000	10.532588
3890000	3960000	10.00119
3900000	3960000	6.627348
3910000	3960000	9.599861
3920000	3960000	7.965604
3930000	3960000	13.316344
3940000	3960000	16.461966
3950000	3960000	32.739338
3960000	3960000	91.226974
3090000	3970000	0.70626247
3110000	3970000	0.5879214
3120000	3970000	3.1840048
3140000	3970000	0.66859585
3180000	3970000	0.50351125
3190000	3970000	0.7064552
3200000	3970000	0.70103323
3210000	3970000	1.0763348
3230000	3970000	0.6404637
3370000	3970000	0.77775806
3380000	3970000	1.0232625
3390000	3970000	0.9219181
3430000	3970000	2.7643633
3450000	3970000	2.026038
3470000	3970000	1.8727325
3570000	3970000	6.3431544
3610000	3970000	1.1640831
3630000	3970000	1.2352091
3640000	3970000	1.3763175
3650000	3970000	2.0100803
3660000	3970000	1.4183949
3670000	3970000	0.9844969
3680000	3970000	1.3062505
3700000	3970000	2.987002
3710000	3970000	0.7037163
3720000	3970000	2.1574633
3740000	3970000	1.6500341
3750000	3970000	3.9994352
3770000	3970000	0.7598964
3780000	3970000	0.831253
3790000	3970000	4.2689896
3800000	3970000	2.2367208
3810000	3970000	3.2199006
3820000	3970000	3.266119
3830000	3970000	2.5540779
3840000	3970000	7.942182
3850000	3970000	7.0310082
3860000	3970000	4.9952602
3870000	3970000	5.260259
3880000	3970000	7.511445
3890000	3970000	8.558967
3900000	3970000	15.360718
3910000	3970000	6.230096
3920000	3970000	8.308124
3930000	3970000	9.259297
3940000	3970000	12.400433
3950000	3970000	15.586677
3960000	3970000	24.830101
3970000	3970000	89.20351
3100000	3980000	2.541324
3120000	3980000	1.2107403
3130000	3980000	0.70276356
3170000	3980000	1.1127434
3190000	3980000	2.0147593
3210000	3980000	1.0232099
3370000	3980000	0.73937
3380000	3980000	1.945514
3390000	3980000	0.8764147
3450000	3980000	2.8890572
3520000	3980000	1.7052803
3530000	3980000	2.1977997
3540000	3980000	1.2955594
3560000	3980000	2.7832582
3570000	3980000	2.0100245
3580000	3980000	1.5355498
3600000	3980000	1.0770351
3620000	3980000	0.8204804
3630000	3980000	0.58712125
3640000	3980000	3.9251587
3650000	3980000	1.9108683
3660000	3980000	1.3483868
3680000	3980000	1.8626661
3690000	3980000	2.8450658
3700000	3980000	2.8395717
3710000	3980000	2.0069482
3720000	3980000	2.0509768
3730000	3980000	4.693858
3740000	3980000	3.1371856
3750000	3980000	2.2812202
3760000	3980000	3.0731957
3770000	3980000	5.05673
3780000	3980000	1.5804491
3790000	3980000	2.4349701
3800000	3980000	2.8350966
3810000	3980000	3.060975
3820000	3980000	2.4839299
3830000	3980000	3.6420233
3840000	3980000	3.020071
3850000	3980000	6.6839767
3860000	3980000	8.903827
3870000	3980000	7.223128
3880000	3980000	8.56884
3890000	3980000	12.204779
3900000	3980000	8.0314045
3910000	3980000	8.460851
3920000	3980000	11.408305
3930000	3980000	5.1346655
3940000	3980000	7.254388
3950000	3980000	13.257638
3960000	3980000	14.015203
3970000	3980000	21.884043
3980000	3980000	80.615135
3120000	3990000	0.6663567
3130000	3990000	0.7735617
3150000	3990000	0.7712842
3170000	3990000	1.2248439
3180000	3990000	0.5268806
3230000	3990000	1.3403789
3250000	3990000	0.7417897
3420000	3990000	0.8691192
3430000	3990000	1.4463326
3440000	3990000	1.0582768
3470000	3990000	1.9596514
3480000	3990000	3.1275084
3520000	3990000	3.7541487
3530000	3990000	4.838423
3560000	3990000	1.5318253
3570000	3990000	4.425039
3590000	3990000	2.3495746
3620000	3990000	0.9031376
3640000	3990000	2.1602945
3650000	3990000	0.7011246
3660000	3990000	1.4842266
3670000	3990000	1.0301901
3680000	3990000	1.3668772
3690000	3990000	4.6975274
3700000	3990000	2.3442278
3710000	3990000	0.7363777
3720000	3990000	1.505065
3730000	3990000	5.166729
3740000	3990000	5.17985
3750000	3990000	0.83701205
3760000	3990000	0.84569925
3770000	3990000	3.1806614
3790000	3990000	4.4671254
3800000	3990000	5.4612446
3810000	3990000	5.615576
3820000	3990000	3.4177089
3830000	3990000	2.6726198
3840000	3990000	4.9864807
3850000	3990000	3.344244
3860000	3990000	6.5338807
3870000	3990000	4.281202
3880000	3990000	6.288058
3890000	3990000	4.478106
3900000	3990000	5.625778
3910000	3990000	9.313217
3920000	3990000	4.829849
3930000	3990000	6.459365
3940000	3990000	12.975971
3950000	3990000	9.442688
3960000	3990000	12.179314
3970000	3990000	10.538804
3980000	3990000	24.330976
3990000	3990000	104.76543
3120000	4000000	1.3500193
3160000	4000000	0.60848033
3220000	4000000	0.81529003
3230000	4000000	0.6788922
3240000	4000000	0.89606035
3250000	4000000	1.5028445
3360000	4000000	0.92002296
3370000	4000000	0.8244243
3440000	4000000	3.216057
3470000	4000000	3.970197
3500000	4000000	6.68082
3510000	4000000	2.0965822
3540000	4000000	1.4445957
3550000	4000000	2.4331875
3580000	4000000	1.7121936
3590000	4000000	2.3800852
3610000	4000000	2.4678586
3630000	4000000	1.309323
3640000	4000000	1.4588981
3650000	4000000	1.4204582
3660000	4000000	1.5035001
3670000	4000000	1.0435678
3680000	4000000	1.3846267
3690000	4000000	1.5861757
3700000	4000000	2.3746688
3710000	4000000	3.7296999
3720000	4000000	1.524609
3730000	4000000	0.8723036
3740000	4000000	1.7490377
3750000	4000000	2.5436432
3760000	4000000	4.2834053
3770000	4000000	3.221964
3790000	4000000	2.71508
3800000	4000000	2.3709264
3810000	4000000	5.688497
3820000	4000000	4.8469253
3830000	4000000	4.060988
3840000	4000000	3.3674886
3850000	4000000	5.4202733
3860000	4000000	3.3093631
3870000	4000000	4.956338
3880000	4000000	7.9621396
3890000	4000000	6.048342
3900000	4000000	3.2564754
3910000	4000000	7.5473237
3920000	4000000	4.8925667
3930000	4000000	5.725338
3940000	4000000	12.133358
3950000	4000000	3.4782932
3960000	4000000	9.869975
3970000	4000000	12.963297
3980000	4000000	17.397831
3990000	4000000	30.321674
4000000	4000000	95.379456
3110000	4010000	1.2829839
3120000	4010000	0.6948254
3140000	4010000	0.7295174
3170000	4010000	0.6385864
3180000	4010000	0.5493905
3210000	4010000	0.5872045
3230000	4010000	0.6988219
3360000	4010000	1.8940626
3380000	4010000	1.1165007
3400000	4010000	0.8961875
3410000	4010000	1.1268275
3440000	4010000	1.1034894
3470000	4010000	2.0433733
3570000	4010000	2.3070447
3580000	4010000	1.762457
3610000	4010000	1.2701528
3630000	4010000	2.0216396
3640000	4010000	1.5017257
3650000	4010000	0.73107874
3670000	4010000	1.0742029
3680000	4010000	2.8505483
3690000	4010000	1.6327398
3700000	4010000	3.2591734
3710000	4010000	0.76783794
3720000	4010000	0.78468287
3730000	4010000	0.89791113
3740000	4010000	0.9001914
3750000	4010000	4.363858
3760000	4010000	1.76366
3770000	4010000	4.9748225
3780000	4010000	3.6279824
3800000	4010000	4.0675464
3810000	4010000	9.368783
3820000	4010000	4.276468
3830000	4010000	6.2703047
3840000	4010000	1.7331725
3850000	4010000	4.881968
3860000	4010000	6.1317244
3870000	4010000	11.479134
3880000	4010000	4.9175262
3890000	4010000	7.782373
3900000	4010000	5.0281096
3910000	4010000	3.884442
3920000	4010000	6.0434327
3930000	4010000	3.3676639
3940000	4010000	3.1223867
3950000	4010000	8.055906
3960000	4010000	7.6197896
3970000	4010000	9.419188
3980000	4010000	11.192853
3990000	4010000	13.141811
4000000	4010000	17.47261
4010000	4010000	116.47778
3180000	4020000	1.9171532
3200000	4020000	1.3346158
3210000	4020000	1.0245545
3370000	4020000	1.4806832
3410000	4020000	1.9660887
3440000	4020000	3.8507369
3450000	4020000	1.9285691
3470000	4020000	3.565278
3510000	4020000	3.765505
3530000	4020000	8.802752
3540000	4020000	2.5945237
3580000	4020000	3.0751352
3590000	4020000	8.549364
3630000	4020000	1.1757855
3640000	4020000	2.6202111
3680000	4020000	2.4868186
3690000	4020000	1.4244022
3700000	4020000	4.2649546
3710000	4020000	2.6794474
3720000	4020000	1.3691146
3730000	4020000	1.5666754
3740000	4020000	1.570654
3760000	4020000	4.615851
3770000	4020000	5.786714
3800000	4020000	1.4194111
3810000	4020000	8.1733265
3820000	4020000	3.7307909
3830000	4020000	1.2156031
3840000	4020000	6.0480795
3850000	4020000	2.4337308
3860000	4020000	8.321159
3870000	4020000	6.6762643
3880000	4020000	4.2900505
3890000	4020000	2.715737
3900000	4020000	1.4621743
3910000	4020000	8.471969
3920000	4020000	5.2722907
3930000	4020000	7.3448753
3940000	4020000	3.6319604
3950000	4020000	7.8088584
3960000	4020000	10.340563
3970000	4020000	9.58685
3980000	4020000	7.811716
3990000	4020000	11.464917
4000000	4020000	10.162071
4010000	4020000	29.88683
4020000	4020000	146.01031
3160000	4030000	0.746294
3180000	4030000	0.6546044
3210000	4030000	0.6996601
3250000	4030000	0.92161065
3370000	4030000	1.0111468
3380000	4030000	2.6606438
3400000	4030000	1.0678165
3420000	4030000	1.0798068
3440000	4030000	1.3148189
3450000	4030000	2.6340091
3480000	4030000	1.9428316
3490000	4030000	2.602299
3520000	4030000	2.3321054
3530000	4030000	3.0056646
3560000	4030000	1.9031626
3580000	4030000	2.0999854
3590000	4030000	1.4595734
3640000	4030000	0.8946607
3650000	4030000	0.87108773
3670000	4030000	2.5598474
3680000	4030000	1.6982286
3690000	4030000	0.97271305
3700000	4030000	3.8833385
3720000	4030000	2.8048728
3730000	4030000	1.0698702
3740000	4030000	6.4355235
3750000	4030000	2.0798326
3760000	4030000	1.0507094
3770000	4030000	0.9879253
3780000	4030000	2.1613889
3790000	4030000	2.2200093
3800000	4030000	1.9386091
3810000	4030000	2.79075
3820000	4030000	4.2462125
3830000	4030000	4.9807544
3840000	4030000	7.2278247
3850000	4030000	6.647902
3860000	4030000	4.8706746
3870000	4030000	2.2795842
3880000	4030000	3.9061885
3890000	4030000	2.781833
3900000	4030000	3.994029
3910000	4030000	5.7854404
3920000	4030000	7.2008114
3930000	4030000	12.037818
3940000	4030000	9.920948
3950000	4030000	5.3326077
3960000	4030000	14.122977
3970000	4030000	5.611529
3980000	4030000	8.001839
3990000	4030000	11.743952
4000000	4030000	14.870566
4010000	4030000	11.225214
4020000	4030000	30.268892
4030000	4030000	141.045
3100000	4040000	0.9913109
3110000	4040000	0.6540451
3160000	4040000	0.63859963
3180000	4040000	1.1202828
3210000	4040000	0.59869534
3250000	4040000	0.78861713
3360000	4040000	0.9655635
3370000	4040000	0.86523277
3410000	4040000	1.148878
3440000	4040000	1.1250832
3460000	4040000	1.7618628
3520000	4040000	1.9955697
3600000	4040000	3.7811353
3630000	4040000	1.3741335
3640000	4040000	0.7655562
3660000	4040000	0.7889611
3670000	4040000	2.190447
3680000	4040000	2.9063296
3700000	4040000	4.984427
3710000	4040000	3.131454
3720000	4040000	4.0001903
3730000	4040000	2.7464461
3740000	4040000	3.671228
3750000	4040000	2.6695518
3760000	4040000	3.596345
3770000	4040000	3.381449
3780000	4040000	3.6989772
3800000	4040000	2.4882858
3810000	4040000	8.358103
3820000	4040000	2.9067686
3830000	4040000	2.841336
3840000	4040000	1.7670884
3850000	4040000	5.6885734
3860000	4040000	3.4731743
3870000	4040000	5.8518825
3880000	4040000	6.685008
3890000	4040000	4.7607985
3900000	4040000	6.835337
3910000	4040000	4.950569
3920000	4040000	5.1347456
3930000	4040000	6.008738
3940000	4040000	6.3669753
3950000	4040000	5.4756994
3960000	4040000	6.905688
3970000	4040000	3.2011695
3980000	4040000	6.8471293
3990000	4040000	14.236416
4000000	4040000	12.724662
4010000	4040000	13.098209
4020000	4040000	9.141502
4030000	4040000	19.768423
4040000	4040000	98.82347
3120000	4050000	0.8054357
3200000	4050000	0.88667774
3250000	4050000	0.8966128
3260000	4050000	1.190714
3360000	4050000	2.1955814
3450000	4050000	2.5625641
3480000	4050000	1.8901341
3510000	4050000	2.5016859
3530000	4050000	2.9241388
3590000	4050000	1.4199837
3600000	4050000	1.4329786
3620000	4050000	1.0916365
3630000	4050000	2.3434675
3660000	4050000	0.89700395
3680000	4050000	0.8260829
3700000	4050000	1.8890032
3710000	4050000	0.8900713
3720000	4050000	0.90959775
3740000	4050000	7.30446
3750000	4050000	2.0234191
3760000	4050000	2.0444198
3770000	4050000	1.9222575
3780000	4050000	1.0513816
3800000	4050000	1.8860261
3810000	4050000	1.3575268
3820000	4050000	4.957246
3830000	4050000	4.845656
3840000	4050000	3.0136185
3850000	4050000	4.04224
3860000	4050000	7.107843
3870000	4050000	5.1747556
3880000	4050000	3.8002367
3890000	4050000	5.412757
3900000	4050000	5.828542
3910000	4050000	3.3771095
3920000	4050000	2.3351653
3930000	4050000	7.807535
3940000	4050000	4.825926
3950000	4050000	5.187966
3960000	4050000	8.832796
3970000	4050000	10.008756
3980000	4050000	12.109683
3990000	4050000	7.6169386
4000000	4050000	10.609292
4010000	4050000	12.906329
4020000	4050000	8.66114
4030000	4050000	22.475573
4040000	4050000	24.293333
4050000	4050000	112.782234
3100000	4060000	0.9575792
3160000	4060000	1.2337396
3170000	4060000	0.62892807
3180000	4060000	1.0821625
3200000	4060000	1.506683
3380000	4060000	1.0996141
3430000	4060000	1.4853144
3450000	4060000	1.0886062
3540000	4060000	4.3935394
3560000	4060000	1.5731113
3590000	4060000	1.2064505
3610000	4060000	2.5018845
3620000	4060000	0.92747915
3630000	4060000	1.991063
3640000	4060000	2.2185192
3650000	4060000	1.440043
3660000	4060000	1.5242298
3670000	4060000	1.057956
3680000	4060000	4.2111526
3700000	4060000	2.40741
3710000	4060000	1.5124494
3720000	4060000	2.3184445
3730000	4060000	2.6529918
3740000	4060000	4.432882
3750000	4060000	0.85957134
3760000	4060000	0.86849266
3770000	4060000	2.4497902
3780000	4060000	2.679833
3790000	4060000	0.9175048
3800000	4060000	4.0060263
3810000	4060000	3.4601564
3820000	4060000	5.6157174
3830000	4060000	6.175469
3840000	4060000	1.7069591
3850000	4060000	6.8687577
3860000	4060000	6.038985
3870000	4060000	4.3965898
3880000	4060000	9.686302
3890000	4060000	6.1317344
3900000	4060000	5.7774053
3910000	4060000	3.8256917
3920000	4060000	3.9680188
3930000	4060000	5.8042765
3940000	4060000	3.075162
3950000	4060000	7.934064
3960000	4060000	3.3353527
3970000	4060000	6.957545
3980000	4060000	8.083948
3990000	4060000	8.089405
4000000	4060000	7.375005
4010000	4060000	8.435008
4020000	4060000	4.4152207
4030000	4060000	15.075596
4040000	4060000	18.060146
4050000	4060000	26.400032
4060000	4060000	116.30405
3130000	4070000	1.6779745
3160000	4070000	0.65148383
3170000	4070000	0.6642187
3180000	4070000	0.5714426
3220000	4070000	0.8729096
3260000	4070000	1.0684242
3380000	4070000	2.3226323
3400000	4070000	1.8643194
3420000	4070000	1.8852534
3470000	4070000	2.1253927
3480000	4070000	1.6960118
3520000	4070000	2.0358317
3530000	4070000	2.623821
3540000	4070000	4.640072
3550000	4070000	2.6051497
3570000	4070000	4.7992954
3630000	4070000	1.4018576
3640000	4070000	0.78100187
3650000	4070000	0.7604236
3680000	4070000	2.2237253
3690000	4070000	0.8491383
3710000	4070000	2.3959749
3720000	4070000	1.6323588
3730000	4070000	2.8018577
3740000	4070000	1.8726487
3750000	4070000	3.6312158
3760000	4070000	1.8344518
3770000	4070000	0.862418
3780000	4070000	1.8868033
3790000	4070000	1.9379765
3800000	4070000	3.3846514
3810000	4070000	4.8724194
3820000	4070000	6.672183
3830000	4070000	5.0726585
3840000	4070000	3.6054814
3850000	4070000	7.2541804
3860000	4070000	7.795146
3870000	4070000	4.643293
3880000	4070000	7.672368
3890000	4070000	7.285276
3900000	4070000	3.4866226
3910000	4070000	6.0605407
3920000	4070000	1.0476685
3930000	4070000	8.757098
3940000	4070000	5.4128613
3950000	4070000	4.6551466
3960000	4070000	6.164388
3970000	4070000	5.715072
3980000	4070000	4.65685
3990000	4070000	4.2716603
4000000	4070000	9.519687
4010000	4070000	6.2358217
4020000	4070000	9.325939
4030000	4070000	4.24574
4040000	4070000	9.990905
4050000	4070000	10.326446
4060000	4070000	25.443388
4070000	4070000	125.0895
3100000	4080000	0.88379204
3160000	4080000	0.56933635
3180000	4080000	0.4993877
3190000	4080000	1.4013392
3200000	4080000	0.6952921
3210000	4080000	1.0675201
3240000	4080000	1.6768323
3360000	4080000	0.8608373
3390000	4080000	0.914368
3430000	4080000	1.3708621
3450000	4080000	1.0047227
3470000	4080000	1.8573956
3490000	4080000	1.9852543
3530000	4080000	2.2929757
3540000	4080000	2.7033277
3590000	4080000	1.1134863
3610000	4080000	1.1545497
3640000	4080000	0.6825231
3650000	4080000	1.9936187
3660000	4080000	2.1101682
3680000	4080000	2.5911055
3690000	4080000	1.4841359
3710000	4080000	2.0938594
3720000	4080000	1.4265298
3730000	4080000	3.264751
3740000	4080000	4.0913024
3750000	4080000	3.173345
3760000	4080000	0.8015702
3770000	4080000	1.5073464
3780000	4080000	5.7711177
3790000	4080000	2.540417
3800000	4080000	2.9578707
3810000	4080000	7.4515724
3820000	4080000	11.013861
3830000	4080000	6.332903
3840000	4080000	6.301711
3850000	4080000	5.705531
3860000	4080000	8.050821
3870000	4080000	8.115613
3880000	4080000	4.469958
3890000	4080000	4.9518423
3900000	4080000	3.8087301
3910000	4080000	5.296349
3920000	4080000	1.8311298
3930000	4080000	4.591734
3940000	4080000	6.622473
3950000	4080000	7.3226976
3960000	4080000	6.9262743
3970000	4080000	4.28095
3980000	4080000	9.495859
3990000	4080000	9.705889
4000000	4080000	6.0504155
4010000	4080000	6.2280326
4020000	4080000	9.508338
4030000	4080000	4.6379776
4040000	4080000	7.1436453
4050000	4080000	14.438966
4060000	4080000	13.801131
4070000	4080000	29.151093
4080000	4080000	91.9943
3090000	4090000	1.4384305
3110000	4090000	0.5987038
3130000	4090000	0.75280875
3150000	4090000	0.75059235
3180000	4090000	0.5127456
3190000	4090000	0.71941143
3200000	4090000	0.71389014
3210000	4090000	0.54803735
3230000	4090000	0.65220976
3240000	4090000	0.8608425
3250000	4090000	1.4437783
3260000	4090000	1.9173572
3370000	4090000	1.584044
3380000	4090000	1.0420289
3390000	4090000	0.9388259
3420000	4090000	1.6916053
3430000	4090000	1.4075307
3440000	4090000	1.0298855
3450000	4090000	1.0315976
3470000	4090000	1.9070783
3480000	4090000	3.0436041
3500000	4090000	3.209122
3510000	4090000	2.0141802
3530000	4090000	2.3543093
3540000	4090000	1.3878188
3590000	4090000	1.1432704
3600000	4090000	1.1537329
3620000	4090000	0.87890846
3630000	4090000	0.62893134
3640000	4090000	0.7007795
3650000	4090000	1.36463
3660000	4090000	0.722204
3670000	4090000	3.0076573
3680000	4090000	3.3255172
3700000	4090000	4.562675
3710000	4090000	2.149867
3720000	4090000	1.4646873
3730000	4090000	2.5140586
3750000	4090000	3.2582273
3760000	4090000	3.292044
3770000	4090000	2.3214984
3780000	4090000	6.771984
3790000	4090000	4.3472824
3800000	4090000	2.2777421
3810000	4090000	3.2789533
3820000	4090000	6.6520386
3830000	4090000	5.8520684
3840000	4090000	5.6614885
3850000	4090000	3.2545254
3860000	4090000	8.266169
3870000	4090000	9.523079
3880000	4090000	6.119363
3890000	4090000	5.8106246
3900000	4090000	3.9106078
3910000	4090000	5.438019
3920000	4090000	2.8201647
3930000	4090000	4.7145557
3940000	4090000	3.8854938
3950000	4090000	8.353965
3960000	4090000	8.691884
3970000	4090000	8.790918
3980000	4090000	5.571348
3990000	4090000	9.198929
4000000	4090000	8.54185
4010000	4090000	9.591934
4020000	4090000	6.9733367
4030000	4090000	6.666851
4040000	4090000	7.334727
4050000	4090000	10.192315
4060000	4090000	8.659622
4070000	4090000	9.976947
4080000	4090000	25.430195
4090000	4090000	89.52142
3100000	4100000	0.91886985
3120000	4100000	1.313307
3130000	4100000	0.76229745
3140000	4100000	1.3788793
3160000	4100000	1.7758
3170000	4100000	0.6035042
3200000	4100000	0.7228883
3230000	4100000	0.66043043
3240000	4100000	0.87169296
3400000	4100000	0.84695333
3410000	4100000	1.0649226
3440000	4100000	2.0857332
3460000	4100000	3.2662258
3490000	4100000	4.1280985
3520000	4100000	1.8497413
3530000	4100000	2.383984
3540000	4100000	4.2159343
3570000	4100000	4.3606033
3580000	4100000	3.3312645
3590000	4100000	2.3153613
3600000	4100000	1.168275
3620000	4100000	0.8899866
3630000	4100000	0.63685864
3640000	4100000	2.1288373
3650000	4100000	0.69091517
3660000	4100000	4.387842
3670000	4100000	3.045567
3680000	4100000	3.3674333
3690000	4100000	2.314562
3700000	4100000	3.850154
3710000	4100000	0.72565496
3720000	4100000	2.9662979
3740000	4100000	2.5522118
3750000	4100000	6.598591
3760000	4100000	5.833692
3770000	4100000	2.3507595
3780000	4100000	1.7143353
3790000	4100000	4.402077
3800000	4100000	2.3064518
3810000	4100000	2.2135217
3820000	4100000	6.0622954
3830000	4100000	5.925831
3840000	4100000	4.91387
3850000	4100000	3.2955468
3860000	4100000	5.15099
3870000	4100000	6.629639
3880000	4100000	6.196494
3890000	4100000	6.619347
3900000	4100000	2.3759394
3910000	4100000	8.259843
3920000	4100000	8.567134
3930000	4100000	3.1826534
3940000	4100000	4.918085
3950000	4100000	6.76741
3960000	4100000	5.6009164
3970000	4100000	5.9344816
3980000	4100000	8.4623575
3990000	4100000	6.2099175
4000000	4100000	4.7179174
4010000	4100000	6.4752235
4020000	4100000	7.0612316
4030000	4100000	2.8932354
4040000	4100000	8.2524185
4050000	4100000	6.5677714
4060000	4100000	6.3772883
4070000	4100000	10.1027
4080000	4100000	13.978967
4090000	4100000	20.396202
4100000	4100000	98.6768
3090000	4110000	0.60230476
3100000	4110000	1.519853
3130000	4110000	0.63043755
3150000	4110000	0.62858146
3160000	4110000	0.48954248
3180000	4110000	0.42939734
3230000	4110000	0.54619116
3240000	4110000	0.7209101
3380000	4110000	0.8726441
3400000	4110000	0.7004498
3410000	4110000	0.88071537
3450000	4110000	1.7278168
3460000	4110000	2.7012439
3480000	4110000	1.2744288
3490000	4110000	1.7070161
3530000	4110000	3.9432192
3540000	4110000	2.3244498
3560000	4110000	1.2484074
3590000	4110000	0.9574285
3600000	4110000	0.9661903
3610000	4110000	1.9854736
3620000	4110000	1.4720787
3630000	4110000	1.0533935
3640000	4110000	2.3474631
3650000	4110000	1.1428055
3660000	4110000	1.8144231
3680000	4110000	2.2279558
3690000	4110000	0.63806534
3700000	4110000	1.2736663
3710000	4110000	1.8004
3720000	4110000	3.0664954
3730000	4110000	3.5089853
3740000	4110000	1.4071586
3750000	4110000	2.728593
3760000	4110000	4.8245974
3770000	4110000	4.5363083
3780000	4110000	3.5444868
3790000	4110000	2.9124951
3800000	4110000	6.358295
3810000	4110000	2.74595
3820000	4110000	3.8995113
3830000	4110000	7.0789304
3840000	4110000	4.741197
3850000	4110000	5.450986
3860000	4110000	5.3249836
3870000	4110000	6.9781904
3880000	4110000	5.7652235
3890000	4110000	7.299136
3900000	4110000	3.2749274
3910000	4110000	6.8310795
3920000	4110000	6.2979703
3930000	4110000	2.6321275
3940000	4110000	8.948213
3950000	4110000	3.498002
3960000	4110000	8.602447
3970000	4110000	6.134941
3980000	4110000	8.164991
3990000	4110000	3.2098403
4000000	4110000	7.153348
4010000	4110000	5.355159
4020000	4110000	5.839801
4030000	4110000	5.583135
4040000	4110000	6.142446
4050000	4110000	7.7595687
4060000	4110000	5.274164
4070000	4110000	10.443957
4080000	4110000	12.169396
4090000	4110000	9.371182
4100000	4110000	20.243841
4110000	4110000	92.604866
3100000	4120000	0.84864557
3110000	4120000	1.1198354
3140000	4120000	0.6367495
3170000	4120000	1.1147631
3180000	4120000	0.47952816
3200000	4120000	1.3352836
3210000	4120000	0.5125336
3220000	4120000	0.73250526
3230000	4120000	1.829872
3250000	4120000	0.6751227
3370000	4120000	0.7407121
3380000	4120000	0.9745227
3400000	4120000	0.78222525
3420000	4120000	0.79100865
3440000	4120000	0.96316594
3470000	4120000	3.5670624
3480000	4120000	2.846429
3510000	4120000	1.8836948
3550000	4120000	2.186121
3560000	4120000	1.3941551
3570000	4120000	4.027346
3610000	4120000	4.4345436
3620000	4120000	0.82196975
3630000	4120000	0.588187
3640000	4120000	2.6215224
3650000	4120000	1.2762246
3660000	4120000	2.0262516
3670000	4120000	1.8752073
3680000	4120000	1.8660473
3690000	4120000	2.8502302
3700000	4120000	1.422363
3710000	4120000	2.6807883
3720000	4120000	2.7395997
3730000	4120000	2.3511891
3740000	4120000	3.1428802
3750000	4120000	8.379658
3760000	4120000	4.618161
3770000	4120000	7.960714
3780000	4120000	3.9582949
3790000	4120000	3.2525203
3800000	4120000	2.8402429
3810000	4120000	4.0887084
3820000	4120000	4.3547673
3830000	4120000	2.4324229
3840000	4120000	6.051106
3850000	4120000	4.869898
3860000	4120000	6.5413256
3870000	4120000	2.783169
3880000	4120000	5.0075636
3890000	4120000	4.754918
3900000	4120000	2.194359
3910000	4120000	5.933346
3920000	4120000	3.5166194
3930000	4120000	1.4697102
3940000	4120000	5.450667
3950000	4120000	3.9063833
3960000	4120000	5.1728687
3970000	4120000	5.4809413
3980000	4120000	3.2565105
3990000	4120000	2.8676636
4000000	4120000	1.4524509
4010000	4120000	4.485268
4020000	4120000	2.6086318
4030000	4120000	1.7814142
4040000	4120000	6.859558
4050000	4120000	3.4661899
4060000	4120000	3.6811917
4070000	4120000	2.3326514
4080000	4120000	4.756548
4090000	4120000	8.372191
4100000	4120000	9.184195
4110000	4120000	17.52817
4120000	4120000	92.65278
3110000	4130000	1.3064766
3180000	4130000	0.5594504
3240000	4130000	0.93925464
3250000	4130000	0.7876443
3360000	4130000	0.9643724
3380000	4130000	1.1369449
3430000	4130000	1.5357393
3450000	4130000	1.1255634
3540000	4130000	1.5142319
3590000	4130000	1.2474082
3600000	4130000	3.7764711
3620000	4130000	0.95896614
3630000	4130000	2.7448769
3650000	4130000	1.488931
3670000	4130000	4.37549
3680000	4130000	2.1770585
3690000	4130000	3.3252735
3700000	4130000	2.489139
3710000	4130000	3.1275911
3720000	4130000	3.9952557
3730000	4130000	4.5717635
3740000	4130000	1.8333496
3750000	4130000	4.4437647
3760000	4130000	4.489886
3770000	4130000	1.6886388
3780000	4130000	6.4652247
3790000	4130000	7.5892253
3800000	4130000	1.6568108
3810000	4130000	7.155251
3820000	4130000	1.4515914
3830000	4130000	2.1283734
3840000	4130000	1.7649087
3850000	4130000	2.8407779
3860000	4130000	5.550224
3870000	4130000	4.54585
3880000	4130000	6.6767616
3890000	4130000	3.9624379
3900000	4130000	5.120179
3910000	4130000	3.95557
3920000	4130000	5.1284113
3930000	4130000	3.4293292
3940000	4130000	2.119707
3950000	4130000	7.2919264
3960000	4130000	3.4485846
3970000	4130000	5.595136
3980000	4130000	3.0394146
3990000	4130000	5.0184193
4000000	4130000	4.2363214
4010000	4130000	3.488547
4020000	4130000	3.0434086
4030000	4130000	2.0783195
4040000	4130000	3.5568132
4050000	4130000	4.0438943
4060000	4130000	4.29473
4070000	4130000	5.4428616
4080000	4130000	6.342074
4090000	4130000	1.6279286
4100000	4130000	4.9453435
4110000	4130000	11.588085
4120000	4130000	31.971783
4130000	4130000	98.57981
3090000	4140000	0.7126822
3150000	4140000	0.7437743
3170000	4140000	2.362313
3180000	4140000	1.524264
3210000	4140000	0.5430592
3220000	4140000	1.552264
3230000	4140000	1.2925706
3240000	4140000	0.85302293
3390000	4140000	1.860596
3400000	4140000	0.8288132
3410000	4140000	1.0421139
3450000	4140000	1.0222269
3470000	4140000	1.889755
3480000	4140000	1.5079787
3520000	4140000	1.8101234
3560000	4140000	1.4771886
3580000	4140000	1.6299577
3590000	4140000	2.2657707
3600000	4140000	1.1432528
3620000	4140000	1.7418495
3630000	4140000	0.62321836
3640000	4140000	1.3888278
3650000	4140000	3.3805854
3660000	4140000	0.7156438
3670000	4140000	2.980337
3680000	4140000	3.2953093
3690000	4140000	4.5299773
3700000	4140000	5.2747674
3710000	4140000	2.8404512
3720000	4140000	2.9027653
3730000	4140000	4.9824433
3740000	4140000	3.3300645
3750000	4140000	4.0357885
3760000	4140000	4.8932104
3770000	4140000	7.668036
3780000	4140000	5.871661
3790000	4140000	5.1693516
3800000	4140000	3.0094025
3810000	4140000	3.2491684
3820000	4140000	4.6141295
3830000	4140000	3.8659403
3840000	4140000	1.6028748
3850000	4140000	2.57997
3860000	4140000	3.150416
3870000	4140000	2.9489295
3880000	4140000	6.063777
3890000	4140000	2.1591911
3900000	4140000	3.1000683
3910000	4140000	3.5924144
3920000	4140000	2.7945473
3930000	4140000	7.7862177
3940000	4140000	0.9625498
3950000	4140000	1.6556162
3960000	4140000	1.5659873
3970000	4140000	2.9036882
3980000	4140000	2.0702775
3990000	4140000	2.2788424
4000000	4140000	1.5389563
4010000	4140000	3.9603355
4020000	4140000	2.7639973
4030000	4140000	3.775024
4040000	4140000	1.6151335
4050000	4140000	4.5907874
4060000	4140000	3.9004369
4070000	4140000	4.1193
4080000	4140000	5.7598166
4090000	4140000	4.4354124
4100000	4140000	4.491318
4110000	4140000	11.14327
4120000	4140000	15.209594
4130000	4140000	16.131413
4140000	4140000	91.565056
3100000	4150000	1.001903
3130000	4150000	0.8311821
3150000	4150000	0.828735
3220000	4150000	0.86478895
3360000	4150000	0.97588056
3370000	4150000	1.7489556
3410000	4150000	1.1611538
3450000	4150000	1.138995
3460000	4150000	1.7806884
3480000	4150000	1.6802338
3490000	4150000	2.250566
3530000	4150000	7.798235
3540000	4150000	1.5323018
3550000	4150000	2.5809143
3560000	4150000	1.6459266
3570000	4150000	2.3773236
3580000	4150000	1.8161464
3600000	4150000	2.5476913
3620000	4150000	4.852049
3650000	4150000	1.5066988
3660000	4150000	2.3921738
3670000	4150000	2.2138522
3680000	4150000	5.140422
3690000	4150000	1.6824776
3700000	4150000	3.358457
3710000	4150000	5.538599
3720000	4150000	3.234346
3730000	4150000	2.7757921
3740000	4150000	1.8552276
3750000	4150000	1.7987174
3760000	4150000	5.452158
3770000	4150000	4.2719746
3780000	4150000	1.8692504
3800000	4150000	1.6765821
3820000	4150000	2.9378273
3830000	4150000	3.5896196
3840000	4150000	1.7859699
3850000	4150000	3.5933473
3860000	4150000	5.6164565
3870000	4150000	5.257253
3880000	4150000	4.2227736
3890000	4150000	4.8116674
3900000	4150000	2.5906398
3910000	4150000	3.0020797
3920000	4150000	2.075844
3930000	4150000	2.6026893
3940000	4150000	4.2900047
3950000	4150000	0.92236793
3960000	4150000	1.7448688
3970000	4150000	0.80884355
3980000	4150000	3.0756848
3990000	4150000	1.6927685
4000000	4150000	2.572125
4010000	4150000	3.530177
4020000	4150000	4.61959
4030000	4150000	5.2578025
4040000	4150000	5.3988867
4050000	4150000	4.0921516
4060000	4150000	6.084373
4070000	4150000	3.6718755
4080000	4150000	4.0110974
4090000	4150000	5.7657433
4100000	4150000	3.3362384
4110000	4150000	4.8285055
4120000	4150000	8.473487
4130000	4150000	10.784454
4140000	4150000	31.015434
4150000	4150000	111.85977
3090000	4160000	0.66882193
3130000	4160000	0.7000616
3160000	4160000	0.54360646
3170000	4160000	0.5542326
3180000	4160000	0.476819
3190000	4160000	0.6690044
3210000	4160000	0.50963795
3220000	4160000	0.7283669
3230000	4160000	0.6065113
3250000	4160000	0.67130846
3260000	4160000	0.8915068
3360000	4160000	0.8219336
3390000	4160000	1.7460902
3400000	4160000	0.7778059
3410000	4160000	0.9779796
3430000	4160000	1.308909
3450000	4160000	0.95931655
3480000	4160000	2.8303478
3510000	4160000	1.8730525
3630000	4160000	2.3394558
3640000	4160000	1.9550338
3650000	4160000	2.5380287
3660000	4160000	2.014804
3670000	4160000	0.93230647
3700000	4160000	2.8286543
3710000	4160000	1.3328214
3720000	4160000	0.68103045
3730000	4160000	0.77930194
3740000	4160000	0.781281
3750000	4160000	3.029933
3760000	4160000	5.357415
3770000	4160000	5.037288
3780000	4160000	3.1487455
3790000	4160000	4.851217
3800000	4160000	5.6483927
3810000	4160000	4.0656085
3820000	4160000	4.3301644
3830000	4160000	5.4420314
3840000	4160000	5.2648044
3850000	4160000	6.6582785
3860000	4160000	5.321757
3870000	4160000	3.320934
3880000	4160000	4.2679477
3890000	4160000	1.3508728
3900000	4160000	3.6366029
3920000	4160000	0.87418795
3930000	4160000	2.1921103
3940000	4160000	2.7099364
3950000	4160000	2.330588
3960000	4160000	4.408838
3970000	4160000	0.681247
3980000	4160000	2.5904899
3990000	4160000	1.4257312
4000000	4160000	1.4442451
4010000	4160000	1.4866426
4020000	4160000	3.890841
4030000	4160000	4.4283743
4040000	4160000	1.5157342
4050000	4160000	2.5849552
4060000	4160000	2.9283154
4070000	4160000	3.0926304
4080000	4160000	0.6756679
4090000	4160000	2.081223
4100000	4160000	5.6198816
4110000	4160000	3.4858284
4120000	4160000	6.4879804
4130000	4160000	11.353983
4140000	4160000	16.498543
4150000	4160000	15.319299
4160000	4160000	83.86723
